0.000000000000000000e+00
0.000000000000000000e+00
0.000000000000000000e+00
0.000000000000000000e+00
1.630940742146139399e+01
0.000000000000000000e+00
0.000000000000000000e+00
1.861012672275889912e+01
0.000000000000000000e+00
2.317775282720764096e+01
0.000000000000000000e+00
1.675773090041681712e+01
1.722723939838559204e+01
1.728246898096672979e+01
0.000000000000000000e+00
0.000000000000000000e+00
0.000000000000000000e+00
2.812670047263075546e+01
1.523237253049743423e+01
1.999309447645500271e+01
0.000000000000000000e+00
1.394216163910179418e+01
1.880993915030243002e+01
3.148756554792408124e+01
2.317775282720764096e+01
1.476027820307653826e+01
2.751697967200967554e+01
0.000000000000000000e+00
2.787169998142006477e+01
0.000000000000000000e+00
1.914235661364947561e+01
3.585697781144538965e+01
1.882378879655213666e+01
0.000000000000000000e+00
1.936110763606136587e+01
0.000000000000000000e+00
2.794781700816539782e+01
0.000000000000000000e+00
2.016467877533871800e+01
0.000000000000000000e+00
1.394216163910179418e+01
2.057437435574770745e+01
0.000000000000000000e+00
2.281299802625638051e+01
1.449271270758851315e+01
2.113563628216414259e+01
2.263971464846159876e+01
0.000000000000000000e+00
3.582948460355989084e+01
0.000000000000000000e+00
2.281299802625638051e+01
1.675773090041681712e+01
1.728246898096672979e+01
3.644269595949140950e+01
1.861408666570333281e+01
1.348665049132532801e+01
1.449271270758851315e+01
0.000000000000000000e+00
3.219727599702559928e+01
0.000000000000000000e+00
2.166286837003284660e+01
1.587840462814695108e+01
1.587840462814695108e+01
1.683837804100024016e+01
2.551014075952839377e+01
1.449271270758851315e+01
2.685935998593889806e+01
0.000000000000000000e+00
1.286957099157529427e+01
2.789789565064311461e+01
0.000000000000000000e+00
0.000000000000000000e+00
0.000000000000000000e+00
0.000000000000000000e+00
2.166286837003284660e+01
2.166286837003284660e+01
0.000000000000000000e+00
1.394216163910179418e+01
2.228007332047236488e+01
0.000000000000000000e+00
2.383581065754015782e+01
0.000000000000000000e+00
0.000000000000000000e+00
1.286957099157529427e+01
0.000000000000000000e+00
0.000000000000000000e+00
1.311850819419327507e+01
1.286957099157529427e+01
2.166286837003284660e+01
1.883919409726136962e+01
2.275038002480284050e+01
0.000000000000000000e+00
2.162224619493250088e+01
0.000000000000000000e+00
0.000000000000000000e+00
1.240505433221383491e+01
2.896397829164543225e+01
0.000000000000000000e+00
0.000000000000000000e+00
0.000000000000000000e+00
1.846869457163902695e+01
0.000000000000000000e+00
1.770385844427688937e+01
1.397307917717888337e+01
2.169511011262910571e+01
1.419943778066146045e+01
1.770385844427688937e+01
2.169511011262910571e+01
0.000000000000000000e+00
1.709740180820855926e+01
1.830910787916476679e+01
1.770385844427688937e+01
1.913302300993760241e+01
1.634996540893307682e+01
1.830910787916476679e+01
1.703288876899686599e+01
1.419943778066146045e+01
1.262518982126748845e+01
1.435323549199653925e+01
0.000000000000000000e+00
2.934124686120099312e+01
1.419943778066146045e+01
0.000000000000000000e+00
1.325297537832732608e+01
1.397307917717888337e+01
1.397307917717888337e+01
1.491890199431146513e+01
1.823596143629425015e+01
0.000000000000000000e+00
2.543430693240620499e+01
1.464413854180335051e+01
1.325297537832732608e+01
0.000000000000000000e+00
0.000000000000000000e+00
1.419943778066146045e+01
1.607742546508355730e+01
0.000000000000000000e+00
1.787248920144148912e+01
1.770385844427688937e+01
1.782033314885324415e+01
1.543785254871765389e+01
1.506256239666604380e+01
1.397307917717888337e+01
1.467644071264343353e+01
1.521658868524685815e+01
1.654368363005366049e+01
2.325906169154486136e+01
1.634996540893307682e+01
1.519551176564980111e+01
0.000000000000000000e+00
1.450886147331998899e+01
1.262518982126748845e+01
1.397307917717888337e+01
0.000000000000000000e+00
1.443423139146949374e+01
1.397307917717888337e+01
2.345705598585069751e+01
0.000000000000000000e+00
2.768169238187026338e+01
0.000000000000000000e+00
2.061685207082077653e+01
1.262518982126748845e+01
0.000000000000000000e+00
0.000000000000000000e+00
0.000000000000000000e+00
1.397307917717888337e+01
1.397307917717888337e+01
0.000000000000000000e+00
1.491890199431146513e+01
2.670916104378030553e+01
1.196979395107497623e+01
0.000000000000000000e+00
1.641151161412338411e+01
1.623532286960541526e+01
0.000000000000000000e+00
1.770385844427688937e+01
0.000000000000000000e+00
0.000000000000000000e+00
1.413110956735248358e+01
1.621632594644345460e+01
1.621632594644345460e+01
1.397307917717888337e+01
1.397307917717888337e+01
0.000000000000000000e+00
0.000000000000000000e+00
1.993807038318841407e+01
0.000000000000000000e+00
1.497588233404026958e+01
0.000000000000000000e+00
1.891194374419211854e+01
1.419943778066146045e+01
1.736939942782199608e+01
1.437256319585403830e+01
1.736939942782199608e+01
2.376349607781661888e+01
0.000000000000000000e+00
1.196979395107497623e+01
1.419943778066146045e+01
2.992401817424698152e+01
1.524318983770152514e+01
1.998245621779165404e+01
1.398139229202550027e+01
2.756620146320329923e+01
1.564327101199842218e+01
1.534235418481866553e+01
1.654368363005366049e+01
2.281840138372886173e+01
1.564327101199842218e+01
2.490510200286753317e+01
2.430254433549660575e+01
2.297428255038343892e+01
2.430254433549660575e+01
2.676057266707035964e+01
2.194835134613354199e+01
2.283505926708498635e+01
0.000000000000000000e+00
0.000000000000000000e+00
1.624963081396469633e+01
0.000000000000000000e+00
0.000000000000000000e+00
2.124229808949150566e+01
2.543430693240620499e+01
1.644837939260285253e+01
1.998245621779165404e+01
1.398139229202550027e+01
0.000000000000000000e+00
0.000000000000000000e+00
1.475100275390341054e+01
2.313934781980768207e+01
2.019455121231633399e+01
0.000000000000000000e+00
0.000000000000000000e+00
1.787248920144148912e+01
2.714151679239866155e+01
0.000000000000000000e+00
1.763217238477383475e+01
1.599419603419546121e+01
1.453992309547047590e+01
0.000000000000000000e+00
2.197041202990981645e+01
0.000000000000000000e+00
1.763217238477383475e+01
2.343884208159258620e+01
0.000000000000000000e+00
0.000000000000000000e+00
0.000000000000000000e+00
2.004404248502984132e+01
1.948463796231042977e+01
1.453992309547047590e+01
2.490510200286753317e+01
1.745075930429537436e+01
0.000000000000000000e+00
2.361148433967159832e+01
1.948463796231042977e+01
1.866549777881260752e+01
2.543430693240620499e+01
2.194835134613354199e+01
2.144957357669692399e+01
2.144957357669692399e+01
1.584606610450649988e+01
1.784733443725083646e+01
0.000000000000000000e+00
0.000000000000000000e+00
0.000000000000000000e+00
2.361148433967159832e+01
1.681625656769864463e+01
3.365842056392816772e+01
1.763217238477383475e+01
1.822121263357269072e+01
0.000000000000000000e+00
2.361148433967159832e+01
1.998245621779165404e+01
1.948463796231042977e+01
0.000000000000000000e+00
1.406071663365042745e+01
1.763217238477383475e+01
1.564327101199842218e+01
1.998245621779165404e+01
1.607742546508355730e+01
1.948463796231042977e+01
2.714151679239866155e+01
0.000000000000000000e+00
1.681625656769864463e+01
0.000000000000000000e+00
0.000000000000000000e+00
0.000000000000000000e+00
0.000000000000000000e+00
0.000000000000000000e+00
1.787248920144148912e+01
2.167707850780968215e+01
0.000000000000000000e+00
0.000000000000000000e+00
1.948463796231042977e+01
2.535774577308689004e+01
2.361148433967159832e+01
2.167707850780968215e+01
2.358634034448318317e+01
1.655039222383902597e+01
1.877042243485444217e+01
2.716164485927011896e+01
0.000000000000000000e+00
0.000000000000000000e+00
0.000000000000000000e+00
0.000000000000000000e+00
0.000000000000000000e+00
0.000000000000000000e+00
1.106161236928645941e+01
1.105389358146122447e+01
8.815257060044803694e+00
1.292201992342817540e+01
1.106161236928645941e+01
1.635126957740411413e+01
8.085199699451171895e+00
1.141136743345932203e+01
0.000000000000000000e+00
0.000000000000000000e+00
1.635126957740411413e+01
1.141136743345932203e+01
0.000000000000000000e+00
1.175139136860033773e+01
8.815257060044803694e+00
0.000000000000000000e+00
1.010044601711347312e+01
0.000000000000000000e+00
8.076945135378904794e+00
0.000000000000000000e+00
0.000000000000000000e+00
9.138188659887209297e+00
9.045850480731182586e+00
1.161180592239738374e+01
1.398642336600979519e+01
1.010044601711347312e+01
1.207298720612244303e+01
0.000000000000000000e+00
1.133535618497016095e+01
1.118559127325675107e+01
0.000000000000000000e+00
9.138188659887209297e+00
1.551287752320378033e+01
8.076945135378904794e+00
8.085199699451171895e+00
1.253349550185834715e+01
0.000000000000000000e+00
1.379859265208128605e+01
1.118559127325675107e+01
1.105389358146122447e+01
1.007873173077920903e+01
1.788406763349866679e+01
1.105389358146122447e+01
0.000000000000000000e+00
1.161180592239738374e+01
0.000000000000000000e+00
1.208388840970989797e+01
0.000000000000000000e+00
1.551287752320378033e+01
0.000000000000000000e+00
0.000000000000000000e+00
1.642689782803882537e+01
2.105140901018745581e+01
0.000000000000000000e+00
0.000000000000000000e+00
1.103180942179249335e+01
1.330425531686867302e+01
8.076945135378904794e+00
0.000000000000000000e+00
1.007873173077920903e+01
0.000000000000000000e+00
1.295991926462052746e+01
2.413732932373574513e+01
0.000000000000000000e+00
0.000000000000000000e+00
0.000000000000000000e+00
1.198017374253893053e+01
1.105389358146122447e+01
1.642689782803882537e+01
3.391269048019983501e+01
0.000000000000000000e+00
1.007873173077920903e+01
9.735347252761679115e+00
1.007873173077920903e+01
1.208388840970989797e+01
1.248883463568580510e+01
1.305647209640843265e+01
1.207298720612244303e+01
0.000000000000000000e+00
0.000000000000000000e+00
0.000000000000000000e+00
0.000000000000000000e+00
0.000000000000000000e+00
1.421534553264003264e+01
0.000000000000000000e+00
0.000000000000000000e+00
8.815257060044803694e+00
1.207298720612244303e+01
0.000000000000000000e+00
1.396557553913918603e+01
0.000000000000000000e+00
1.106161236928645941e+01
2.160119156762488046e+01
2.954811018845000703e+01
0.000000000000000000e+00
0.000000000000000000e+00
1.681527801582880954e+01
1.518723528259904221e+01
1.546057300275859347e+01
1.928121574603579091e+01
0.000000000000000000e+00
0.000000000000000000e+00
1.998363027821289606e+01
0.000000000000000000e+00
1.905928315495716419e+01
0.000000000000000000e+00
1.466504089585755288e+01
1.293466861060166906e+01
2.105140901018745581e+01
0.000000000000000000e+00
1.824192249329783522e+01
2.413732932373574513e+01
1.905928315495716419e+01
0.000000000000000000e+00
0.000000000000000000e+00
0.000000000000000000e+00
0.000000000000000000e+00
1.292201992342817540e+01
1.905928315495716419e+01
2.860810057157386765e+01
1.905928315495716419e+01
1.889769784077174819e+01
1.817110614844720118e+01
2.323731465792783268e+01
1.510524639064808206e+01
0.000000000000000000e+00
2.323731465792783268e+01
1.444159872915718523e+01
1.998363027821289606e+01
2.413732932373574513e+01
1.292201992342817540e+01
2.461038139090500110e+01
2.461038139090500110e+01
2.461038139090500110e+01
0.000000000000000000e+00
1.292201992342817540e+01
0.000000000000000000e+00
2.463904701001181152e+01
1.444159872915718523e+01
0.000000000000000000e+00
0.000000000000000000e+00
0.000000000000000000e+00
0.000000000000000000e+00
1.905928315495716419e+01
2.121954999183385482e+01
2.121954999183385482e+01
1.563955582953961176e+01
2.954811018845000703e+01
1.686587540426909015e+01
0.000000000000000000e+00
1.292201992342817540e+01
1.287756748413132613e+01
0.000000000000000000e+00
1.353460553977265945e+01
1.518723528259904221e+01
1.905928315495716419e+01
1.292201992342817540e+01
1.427440170562178778e+01
2.527478512653805964e+01
0.000000000000000000e+00
1.518723528259904221e+01
1.889769784077174819e+01
1.458997386140287134e+01
1.835066529421813541e+01
1.889769784077174819e+01
1.370335038734372013e+01
2.061681729602618418e+01
0.000000000000000000e+00
2.347031849792976388e+01
3.466166778095937673e+01
1.293466861060166906e+01
1.652878279967210418e+01
1.375146341971930042e+01
1.370335038734372013e+01
1.370335038734372013e+01
1.375146341971930042e+01
1.652878279967210418e+01
1.293466861060166906e+01
0.000000000000000000e+00
2.860810057157386765e+01
1.353460553977265945e+01
1.292201992342817540e+01
2.347031849792976388e+01
1.427440170562178778e+01
3.855015634674000324e+01
0.000000000000000000e+00
3.040808334266438351e+01
0.000000000000000000e+00
2.877687655171380499e+01
1.518723528259904221e+01
1.617421041215972011e+01
1.337802392736963242e+01
2.040431150910425728e+01
1.259308582207930272e+01
0.000000000000000000e+00
2.778166554488911899e+01
1.483176342406004800e+01
1.727753066474669907e+01
0.000000000000000000e+00
1.506724955744384786e+01
2.778166554488911899e+01
0.000000000000000000e+00
1.259308582207930272e+01
1.390725892940393926e+01
0.000000000000000000e+00
0.000000000000000000e+00
0.000000000000000000e+00
1.659203542625631655e+01
0.000000000000000000e+00
0.000000000000000000e+00
0.000000000000000000e+00
1.390725892940393926e+01
3.289331763556362631e+01
1.703577168764908834e+01
2.778166554488911899e+01
0.000000000000000000e+00
1.483176342406004800e+01
2.582641328865958386e+01
1.483176342406004800e+01
2.146056808072506428e+01
2.148291726244803002e+01
0.000000000000000000e+00
0.000000000000000000e+00
2.778166554488911899e+01
0.000000000000000000e+00
1.628212430907964148e+01
0.000000000000000000e+00
0.000000000000000000e+00
0.000000000000000000e+00
1.499693916496745416e+01
0.000000000000000000e+00
0.000000000000000000e+00
1.363816611203073315e+01
0.000000000000000000e+00
0.000000000000000000e+00
0.000000000000000000e+00
1.483176342406004800e+01
1.513642229455125943e+01
0.000000000000000000e+00
0.000000000000000000e+00
0.000000000000000000e+00
0.000000000000000000e+00
0.000000000000000000e+00
0.000000000000000000e+00
1.839800944998343013e+01
0.000000000000000000e+00
0.000000000000000000e+00
2.009097094866625355e+01
1.390725892940393926e+01
1.860016864210815868e+01
1.911488720999646773e+01
1.860016864210815868e+01
1.472351192911826523e+01
1.929892423068307750e+01
3.289331763556362631e+01
3.289331763556362631e+01
1.882378879655213666e+01
2.787169998142006477e+01
3.397617270242526644e+01
3.289331763556362631e+01
1.861408666570333281e+01
0.000000000000000000e+00
1.883919409726136962e+01
2.803156550840380135e+01
3.289331763556362631e+01
0.000000000000000000e+00
0.000000000000000000e+00
1.860016864210815868e+01
2.527939230238255419e+01
2.075271748235921621e+01
1.216567169899497003e+01
0.000000000000000000e+00
2.871510005087392869e+01
2.871510005087392869e+01
0.000000000000000000e+00
2.333008883071568818e+01
2.075271748235921621e+01
2.228007332047236488e+01
0.000000000000000000e+00
1.390461776162396212e+01
0.000000000000000000e+00
0.000000000000000000e+00
1.390461776162396212e+01
2.847836328757541935e+01
2.778166554488911899e+01
2.452393275221987778e+01
1.430243293275305838e+01
1.483176342406004800e+01
3.084590270120618172e+01
2.359343971646286420e+01
1.966857323847301586e+01
0.000000000000000000e+00
1.189109183064936026e+01
0.000000000000000000e+00
0.000000000000000000e+00
2.710122658628003478e+01
1.645431932162947675e+01
2.948695617579211969e+01
2.214579007951237699e+01
1.183988071900946082e+01
1.260539624171461881e+01
0.000000000000000000e+00
1.653129093201482291e+01
2.710122658628003478e+01
0.000000000000000000e+00
1.506437867378766349e+01
0.000000000000000000e+00
1.238523811692021859e+01
0.000000000000000000e+00
1.183988071900946082e+01
2.132590926662458486e+01
1.207669552568112614e+01
0.000000000000000000e+00
1.856240730866211308e+01
0.000000000000000000e+00
0.000000000000000000e+00
1.779695247469663499e+01
1.171123570089383215e+01
2.577103570475461325e+01
1.318103684694232136e+01
2.223713271237383537e+01
0.000000000000000000e+00
1.619390380269352647e+01
1.619390380269352647e+01
2.817649815945147651e+01
2.027157890891298564e+01
1.535546680724393553e+01
1.766050794608621288e+01
1.614394696651922700e+01
2.793302887530152745e+01
1.506437867378766349e+01
0.000000000000000000e+00
1.228208045770985812e+01
1.759788054650303124e+01
0.000000000000000000e+00
0.000000000000000000e+00
1.115367870236690706e+01
1.205324934344317356e+01
1.124397450007529997e+01
2.600074994314135068e+01
2.319515153410644004e+01
1.720405691390933001e+01
2.710122658628003478e+01
1.205324934344317356e+01
1.152529891040987309e+01
1.124397450007529997e+01
0.000000000000000000e+00
2.602833831768355566e+01
0.000000000000000000e+00
1.318103684694232136e+01
0.000000000000000000e+00
0.000000000000000000e+00
0.000000000000000000e+00
1.124397450007529997e+01
0.000000000000000000e+00
1.933523566390297077e+01
1.124397450007529997e+01
1.124397450007529997e+01
1.565171322135839560e+01
0.000000000000000000e+00
1.659577812273353814e+01
2.381297125967781625e+01
2.026514456960460819e+01
1.308626992022057145e+01
0.000000000000000000e+00
1.115367870236690706e+01
0.000000000000000000e+00
1.238523811692021859e+01
0.000000000000000000e+00
1.115367870236690706e+01
2.577103570475461325e+01
1.870022533966540124e+01
1.355589552595344927e+01
1.085617660992656575e+01
1.376467081439682261e+01
0.000000000000000000e+00
2.128161412778146300e+01
0.000000000000000000e+00
1.870022533966540124e+01
1.619324068484668189e+01
2.817649815945147651e+01
1.365564181961178747e+01
0.000000000000000000e+00
1.720633690930996806e+01
2.891011391850301138e+01
0.000000000000000000e+00
0.000000000000000000e+00
1.124397450007529997e+01
1.195720578136911350e+01
2.438848704436459514e+01
2.132590926662458486e+01
0.000000000000000000e+00
2.120390592828026399e+01
1.875636835479848941e+01
1.968069190319262063e+01
0.000000000000000000e+00
1.932023767476048093e+01
0.000000000000000000e+00
2.582340008900185779e+01
1.893057872405875131e+01
0.000000000000000000e+00
0.000000000000000000e+00
1.968069190319262063e+01
2.540743867018043289e+01
2.299325518234353183e+01
2.270270779786283555e+01
2.451872299799304145e+01
3.992629481713620976e+01
0.000000000000000000e+00
0.000000000000000000e+00
0.000000000000000000e+00
2.623859064626423532e+01
1.666735165697222598e+01
0.000000000000000000e+00
2.818767452668809526e+01
0.000000000000000000e+00
2.254150666320933993e+01
0.000000000000000000e+00
0.000000000000000000e+00
1.817288686843967227e+01
0.000000000000000000e+00
2.159508867909958596e+01
0.000000000000000000e+00
3.952736540176763214e+01
1.892043044044217837e+01
3.003112384511882027e+01
2.656797173663475675e+01
2.270270779786283555e+01
3.003112384511882027e+01
1.817288686843967227e+01
1.875636835479848941e+01
2.299325518234353183e+01
1.817288686843967227e+01
0.000000000000000000e+00
0.000000000000000000e+00
2.352014758397777072e+01
0.000000000000000000e+00
0.000000000000000000e+00
1.751015034856965613e+01
1.722325786319712293e+01
0.000000000000000000e+00
2.749600707982597214e+01
2.582340008900185779e+01
0.000000000000000000e+00
1.817288686843967227e+01
1.893057872405875131e+01
2.019107185839613550e+01
2.352014758397777072e+01
0.000000000000000000e+00
1.666735165697222598e+01
3.567382793801095175e+01
0.000000000000000000e+00
1.892043044044217837e+01
0.000000000000000000e+00
0.000000000000000000e+00
1.817288686843967227e+01
1.949441908000424917e+01
1.737690928337515217e+01
0.000000000000000000e+00
2.128020872542569109e+01
0.000000000000000000e+00
1.659341435666549103e+01
3.148756554792408124e+01
2.150364312471589301e+01
2.503970225144553297e+01
0.000000000000000000e+00
0.000000000000000000e+00
0.000000000000000000e+00
0.000000000000000000e+00
2.159508867909958596e+01
0.000000000000000000e+00
2.973195118534422221e+01
2.159508867909958596e+01
0.000000000000000000e+00
0.000000000000000000e+00
1.892043044044217837e+01
0.000000000000000000e+00
1.949441908000424917e+01
2.150364312471589301e+01
0.000000000000000000e+00
2.030394490261184259e+01
9.416661271233524033e+00
1.604076484868362229e+01
1.467644071264343353e+01
0.000000000000000000e+00
0.000000000000000000e+00
0.000000000000000000e+00
1.262518982126748845e+01
1.425550818960106625e+01
9.753350467145896374e+00
9.460465428237291974e+00
3.341114950381295046e+01
1.413110956735248358e+01
9.306263065597022432e+00
0.000000000000000000e+00
9.306263065597022432e+00
1.181723897906651821e+01
1.759112595140817703e+01
1.181723897906651821e+01
1.421098605257275160e+01
1.348066849821190516e+01
0.000000000000000000e+00
1.467933120111600154e+01
0.000000000000000000e+00
9.753350467145896374e+00
1.480576119718784334e+01
1.614778041694422228e+01
0.000000000000000000e+00
0.000000000000000000e+00
0.000000000000000000e+00
9.416661271233524033e+00
9.845608607782461164e+00
9.845608607782461164e+00
0.000000000000000000e+00
9.460465428237291974e+00
1.606697499972928966e+01
1.557371052111449927e+01
1.319680149527705915e+01
1.053053855867242206e+01
1.956072810623542324e+01
1.718811782132554100e+01
0.000000000000000000e+00
1.421098605257275160e+01
9.306263065597022432e+00
0.000000000000000000e+00
1.174224140098518987e+01
1.282448096282989702e+01
1.319680149527705915e+01
0.000000000000000000e+00
1.052985562514726325e+01
1.827461208902624179e+01
2.515913497393626841e+01
2.030394490261184259e+01
9.753350467145896374e+00
1.397307917717888337e+01
1.480576119718784334e+01
1.319680149527705915e+01
1.282448096282989702e+01
1.578488844729621299e+01
9.306263065597022432e+00
9.306263065597022432e+00
0.000000000000000000e+00
0.000000000000000000e+00
1.053053855867242206e+01
1.548251422882851713e+01
0.000000000000000000e+00
1.956072810623542324e+01
1.643403951184456702e+01
2.030394490261184259e+01
0.000000000000000000e+00
0.000000000000000000e+00
9.306263065597022432e+00
2.126990643785966384e+01
1.718811782132554100e+01
0.000000000000000000e+00
1.093647320487321473e+01
1.606697499972928966e+01
1.441818933736518638e+01
9.460465428237291974e+00
1.718811782132554100e+01
1.181723897906651821e+01
9.845608607782461164e+00
0.000000000000000000e+00
1.278111593290775971e+01
9.845608607782461164e+00
1.370088129159630164e+01
1.069476511753008019e+01
1.718811782132554100e+01
1.493725421482280602e+01
0.000000000000000000e+00
9.753350467145896374e+00
1.397307917717888337e+01
9.306263065597022432e+00
9.753350467145896374e+00
9.820984518751988190e+00
9.306263065597022432e+00
0.000000000000000000e+00
1.480576119718784334e+01
1.108742403087733130e+01
1.614023562176737414e+01
1.869735292634822343e+01
2.371173164424655866e+01
0.000000000000000000e+00
0.000000000000000000e+00
2.457263117383872597e+01
0.000000000000000000e+00
2.221748614420439694e+01
2.859186318560371376e+01
0.000000000000000000e+00
0.000000000000000000e+00
1.548057667000756865e+01
1.632963333345017531e+01
2.681259100962759234e+01
0.000000000000000000e+00
2.359343971646286420e+01
1.614023562176737414e+01
1.943293317412387822e+01
2.409990589155919949e+01
2.259848484679876179e+01
2.234997599964627213e+01
0.000000000000000000e+00
2.032941621354395068e+01
0.000000000000000000e+00
0.000000000000000000e+00
2.275038002480284050e+01
1.632963333345017531e+01
2.334935533219432813e+01
0.000000000000000000e+00
0.000000000000000000e+00
2.334935533219432813e+01
1.860918761452228409e+01
0.000000000000000000e+00
0.000000000000000000e+00
0.000000000000000000e+00
2.751697967200967554e+01
3.339785394891742243e+01
0.000000000000000000e+00
3.006280179549522913e+01
1.824379945175625650e+01
0.000000000000000000e+00
0.000000000000000000e+00
2.334935533219432813e+01
1.940472217688676437e+01
2.130525909433381671e+01
2.871720207597579488e+01
1.778187085501727793e+01
0.000000000000000000e+00
0.000000000000000000e+00
1.989562322133140881e+01
2.063247123582591769e+01
0.000000000000000000e+00
0.000000000000000000e+00
1.399528703940497820e+01
0.000000000000000000e+00
0.000000000000000000e+00
0.000000000000000000e+00
1.687822309542248433e+01
0.000000000000000000e+00
1.466507021652744491e+01
1.860918761452228409e+01
3.524411627994830098e+01
2.234997599964627213e+01
0.000000000000000000e+00
1.996784046598360618e+01
2.931187393887509884e+01
0.000000000000000000e+00
2.574669629901565315e+01
0.000000000000000000e+00
1.751015034856965613e+01
0.000000000000000000e+00
0.000000000000000000e+00
0.000000000000000000e+00
1.503440391228371453e+01
0.000000000000000000e+00
2.367477153542404622e+01
2.617391409285033177e+01
2.848015151191949812e+01
3.588139432760125658e+01
0.000000000000000000e+00
2.283318216889036734e+01
0.000000000000000000e+00
0.000000000000000000e+00
0.000000000000000000e+00
3.392253341166782832e+01
0.000000000000000000e+00
0.000000000000000000e+00
0.000000000000000000e+00
2.452221785721346592e+01
0.000000000000000000e+00
0.000000000000000000e+00
2.011101615108081120e+01
2.602258883699965253e+01
1.632963333345017531e+01
1.614023562176737414e+01
0.000000000000000000e+00
2.090253412618374540e+01
2.140066007576846729e+01
2.617391409285033177e+01
1.587840462814695108e+01
2.153167490075968615e+01
1.406825845606187642e+01
0.000000000000000000e+00
1.910442916041746031e+01
1.406825845606187642e+01
0.000000000000000000e+00
0.000000000000000000e+00
0.000000000000000000e+00
1.252802561285098015e+01
1.597607340877124038e+01
0.000000000000000000e+00
2.618320977185085141e+01
1.398330188558426990e+01
1.597607340877124038e+01
0.000000000000000000e+00
2.232796502397701843e+01
2.635423948653085091e+01
0.000000000000000000e+00
1.621461263990554968e+01
1.410915379659199687e+01
0.000000000000000000e+00
0.000000000000000000e+00
0.000000000000000000e+00
1.410915379659199687e+01
1.764184375334774657e+01
1.662848846866335251e+01
0.000000000000000000e+00
0.000000000000000000e+00
1.252802561285098015e+01
1.440936963033695406e+01
1.252802561285098015e+01
1.461815661695641388e+01
0.000000000000000000e+00
0.000000000000000000e+00
3.151024986395973215e+01
1.621461263990554968e+01
2.631129214761490331e+01
0.000000000000000000e+00
1.461815661695641388e+01
0.000000000000000000e+00
1.621461263990554968e+01
1.252802561285098015e+01
1.406825845606187642e+01
2.001320759368326918e+01
0.000000000000000000e+00
1.870711370608089297e+01
0.000000000000000000e+00
2.060193636444292764e+01
1.590903892478899273e+01
0.000000000000000000e+00
1.406825845606187642e+01
0.000000000000000000e+00
1.621461263990554968e+01
3.266871669307830928e+01
1.649152357571150063e+01
1.621461263990554968e+01
0.000000000000000000e+00
1.621461263990554968e+01
2.060193636444292764e+01
2.060193636444292764e+01
1.543348773669004359e+01
1.398330188558426990e+01
1.590903892478899273e+01
1.590903892478899273e+01
1.461815661695641388e+01
1.597607340877124038e+01
0.000000000000000000e+00
1.461815661695641388e+01
1.716387741254448329e+01
1.621461263990554968e+01
1.372253820995838680e+01
1.870711370608089297e+01
1.597607340877124038e+01
1.372253820995838680e+01
1.662848846866335251e+01
1.594845378666361491e+01
1.621461263990554968e+01
0.000000000000000000e+00
1.473450132163105941e+01
2.153167490075968615e+01
0.000000000000000000e+00
0.000000000000000000e+00
0.000000000000000000e+00
1.640620605165671719e+01
0.000000000000000000e+00
0.000000000000000000e+00
1.838491391289908350e+01
2.462724328262198270e+01
1.252802561285098015e+01
2.618320977185085141e+01
0.000000000000000000e+00
1.625702126040216200e+01
1.870711370608089297e+01
0.000000000000000000e+00
2.743678730510571384e+01
1.649152357571150063e+01
1.621461263990554968e+01
0.000000000000000000e+00
1.410915379659199687e+01
1.870711370608089297e+01
1.231983761796257859e+01
1.348665049132532801e+01
1.472351192911826523e+01
1.338510213338286547e+01
1.875636835479848941e+01
0.000000000000000000e+00
0.000000000000000000e+00
2.832979119751501784e+01
1.390725892940393926e+01
1.338510213338286547e+01
1.785457309438166718e+01
3.168043085619873622e+01
0.000000000000000000e+00
0.000000000000000000e+00
1.936421780857754982e+01
2.075271748235921621e+01
1.205098403752323044e+01
1.136506391224691725e+01
0.000000000000000000e+00
1.331981194364026599e+01
2.427479882359911301e+01
3.585697781144538965e+01
1.325440500069432836e+01
0.000000000000000000e+00
2.938936652129521931e+01
1.708550338255913914e+01
2.206699157672677103e+01
0.000000000000000000e+00
1.483176342406004800e+01
0.000000000000000000e+00
1.171002602017456695e+01
1.225836139523604551e+01
1.092357694648054611e+01
1.411012363010330795e+01
1.852058422553578154e+01
1.136506391224691725e+01
1.188113865221855647e+01
1.901477242462957662e+01
0.000000000000000000e+00
0.000000000000000000e+00
1.782303642096040264e+01
1.556676861433283499e+01
0.000000000000000000e+00
1.613867246981929071e+01
0.000000000000000000e+00
0.000000000000000000e+00
2.032941621354395068e+01
1.430773532094466027e+01
1.171002602017456695e+01
0.000000000000000000e+00
1.338510213338286547e+01
1.483176342406004800e+01
0.000000000000000000e+00
1.171002602017456695e+01
1.451931338888196699e+01
1.777952430098660486e+01
0.000000000000000000e+00
1.201948653912398512e+01
1.136506391224691725e+01
1.225836139523604551e+01
2.206699157672677103e+01
1.325440500069432836e+01
0.000000000000000000e+00
1.115551947340332362e+01
1.995771486051787136e+01
1.901477242462957662e+01
3.952736540176763214e+01
1.182257657097179937e+01
0.000000000000000000e+00
0.000000000000000000e+00
0.000000000000000000e+00
1.483176342406004800e+01
0.000000000000000000e+00
0.000000000000000000e+00
0.000000000000000000e+00
1.362090001398292571e+01
0.000000000000000000e+00
1.483176342406004800e+01
2.239982186104714046e+01
1.513642229455125943e+01
0.000000000000000000e+00
2.172233411441080619e+01
0.000000000000000000e+00
1.092357694648054611e+01
0.000000000000000000e+00
1.483176342406004800e+01
1.556676861433283499e+01
1.556676861433283499e+01
1.659203542625631655e+01
1.613867246981929071e+01
1.430773532094466027e+01
1.231983761796257859e+01
1.115551947340332362e+01
0.000000000000000000e+00
1.901477242462957662e+01
1.929892423068307750e+01
1.092357694648054611e+01
2.076584225504079129e+01
1.697312508646805540e+01
2.562081939633709737e+01
2.298734391928137910e+01
2.256272979763782160e+01
0.000000000000000000e+00
1.898096100566253241e+01
1.697312508646805540e+01
1.494261088198095067e+01
1.659678735440671105e+01
2.256272979763782160e+01
1.659678735440671105e+01
1.494261088198095067e+01
1.772806092872868078e+01
1.538615476893472689e+01
0.000000000000000000e+00
1.668429696338147394e+01
1.538615476893472689e+01
1.948692752532991079e+01
1.659678735440671105e+01
1.659678735440671105e+01
1.538615476893472689e+01
2.493189726748497748e+01
2.027705925261052755e+01
1.781055317071008304e+01
1.189486479605900549e+01
1.445858798999482708e+01
0.000000000000000000e+00
1.928243410395089796e+01
0.000000000000000000e+00
1.799933671686214964e+01
2.048505413154347110e+01
1.676959799815536911e+01
1.598457675789738452e+01
1.538615476893472689e+01
0.000000000000000000e+00
0.000000000000000000e+00
1.819803069355183212e+01
1.638604746655716582e+01
0.000000000000000000e+00
1.538615476893472689e+01
0.000000000000000000e+00
1.676959799815536911e+01
1.610851714901060916e+01
2.274245410854085137e+01
1.866171176398497522e+01
0.000000000000000000e+00
0.000000000000000000e+00
1.713573860571578678e+01
1.565516115603332103e+01
1.538615476893472689e+01
2.274245410854085137e+01
1.642969686691890274e+01
1.525378491020855520e+01
1.592686451767007760e+01
1.478667765523813671e+01
2.763002978990527936e+01
0.000000000000000000e+00
1.302404098918665731e+01
2.027705925261052755e+01
0.000000000000000000e+00
1.774105080636817178e+01
1.400812010204290381e+01
1.400812010204290381e+01
3.036498500871068629e+01
1.400812010204290381e+01
1.246344745778286445e+01
1.538615476893472689e+01
1.538615476893472689e+01
0.000000000000000000e+00
1.525378491020855520e+01
1.599481644756360410e+01
1.818558903025336804e+01
1.445858798999482708e+01
1.565516115603332103e+01
0.000000000000000000e+00
1.494261088198095067e+01
1.538615476893472689e+01
0.000000000000000000e+00
0.000000000000000000e+00
0.000000000000000000e+00
1.599709224130415919e+01
1.302404098918665731e+01
1.626312921716495907e+01
1.799933671686214964e+01
1.494261088198095067e+01
1.538615476893472689e+01
1.366815618327976978e+01
1.659678735440671105e+01
1.598457675789738452e+01
1.494261088198095067e+01
1.696425962559345990e+01
1.668429696338147394e+01
1.538615476893472689e+01
1.642969686691890274e+01
1.445858798999482708e+01
1.626312921716495907e+01
1.659678735440671105e+01
0.000000000000000000e+00
0.000000000000000000e+00
1.373289150879817200e+01
1.532596746933234932e+01
1.502814261632728332e+01
0.000000000000000000e+00
1.830627658016200954e+01
2.389591513162485370e+01
0.000000000000000000e+00
2.134582575453060471e+01
1.353066772841726895e+01
1.719253336398630694e+01
0.000000000000000000e+00
1.463974418747794815e+01
2.868686677278471464e+01
1.488787036599686786e+01
0.000000000000000000e+00
1.463974418747794815e+01
1.373289150879817200e+01
0.000000000000000000e+00
1.730198951484377901e+01
1.353066772841726895e+01
1.488787036599686786e+01
1.518598092678137945e+01
1.758871359998998685e+01
1.727402426889269549e+01
1.713573860571578678e+01
1.836210534026032093e+01
0.000000000000000000e+00
1.488787036599686786e+01
2.134582575453060471e+01
1.758871359998998685e+01
2.320442063892141249e+01
0.000000000000000000e+00
0.000000000000000000e+00
0.000000000000000000e+00
1.488787036599686786e+01
1.488787036599686786e+01
1.659668300706176325e+01
1.659668300706176325e+01
0.000000000000000000e+00
1.622215164917133734e+01
1.488787036599686786e+01
1.861570203578829918e+01
1.306215489085230708e+01
0.000000000000000000e+00
1.727402426889269549e+01
2.038094572559941753e+01
1.488787036599686786e+01
0.000000000000000000e+00
0.000000000000000000e+00
1.353066772841726895e+01
1.353066772841726895e+01
1.353066772841726895e+01
1.685953366825238220e+01
1.306215489085230708e+01
1.972118787790113359e+01
1.502814261632728332e+01
0.000000000000000000e+00
0.000000000000000000e+00
1.653901633700708018e+01
1.715075764309833062e+01
1.757560186715307893e+01
1.502814261632728332e+01
0.000000000000000000e+00
0.000000000000000000e+00
0.000000000000000000e+00
1.622215164917133734e+01
2.103143197273332632e+01
1.758871359998998685e+01
0.000000000000000000e+00
1.715075764309833062e+01
1.536041172193060689e+01
1.665034116157649891e+01
1.972118787790113359e+01
1.505932824625532440e+01
1.896440263163568929e+01
1.896440263163568929e+01
0.000000000000000000e+00
2.102810390272296459e+01
1.757560186715307893e+01
1.862013772950358259e+01
1.828727695011708221e+01
2.134582575453060471e+01
1.836210534026032093e+01
0.000000000000000000e+00
1.727402426889269549e+01
0.000000000000000000e+00
1.536041172193060689e+01
1.622215164917133734e+01
0.000000000000000000e+00
1.735316987020627977e+01
2.249055083795698806e+01
1.715075764309833062e+01
2.249055083795698806e+01
1.715075764309833062e+01
0.000000000000000000e+00
0.000000000000000000e+00
0.000000000000000000e+00
0.000000000000000000e+00
2.628067990049553870e+01
1.463974418747794815e+01
0.000000000000000000e+00
0.000000000000000000e+00
1.909547096348180162e+01
0.000000000000000000e+00
1.452664675188696286e+01
1.299101592385250648e+01
1.596183947251872581e+01
0.000000000000000000e+00
0.000000000000000000e+00
1.561005396636660869e+01
0.000000000000000000e+00
1.695798624896362128e+01
1.325552130561406727e+01
1.573201648544272047e+01
1.944639927741270213e+01
1.701666845564617603e+01
1.990393788811385889e+01
1.266714721589023718e+01
1.269848970869466065e+01
2.165291445417075522e+01
0.000000000000000000e+00
1.573201648544272047e+01
1.659786642795821265e+01
1.909547096348180162e+01
0.000000000000000000e+00
1.613376835545979660e+01
0.000000000000000000e+00
1.556274073733730923e+01
1.452664675188696286e+01
1.307788096957775892e+01
1.452664675188696286e+01
1.402963344887092134e+01
0.000000000000000000e+00
2.660975028072004633e+01
0.000000000000000000e+00
0.000000000000000000e+00
1.498411526178786701e+01
1.606895294900373727e+01
1.587133182739417769e+01
0.000000000000000000e+00
0.000000000000000000e+00
1.749505778681201917e+01
0.000000000000000000e+00
1.911267113461550338e+01
2.675269398357224304e+01
0.000000000000000000e+00
0.000000000000000000e+00
0.000000000000000000e+00
1.798863873509825595e+01
1.475296222175776961e+01
2.134184977085371671e+01
2.137852254632920790e+01
1.556274073733730923e+01
1.596183947251872581e+01
0.000000000000000000e+00
0.000000000000000000e+00
2.392408983684367385e+01
0.000000000000000000e+00
1.614282348155570546e+01
0.000000000000000000e+00
1.587133182739417769e+01
1.798863873509825595e+01
1.420513671458609650e+01
1.420513671458609650e+01
1.266714721589023718e+01
1.299101592385250648e+01
1.539912305652945967e+01
0.000000000000000000e+00
1.573201648544272047e+01
1.498411526178786701e+01
1.437200395170147971e+01
0.000000000000000000e+00
1.807970289359483118e+01
1.420513671458609650e+01
1.556274073733730923e+01
1.437200395170147971e+01
1.582572849404953885e+01
1.573201648544272047e+01
0.000000000000000000e+00
1.269848970869466065e+01
1.587133182739417769e+01
1.587133182739417769e+01
1.613376835545979660e+01
2.015902170565971829e+01
0.000000000000000000e+00
1.620733580639139504e+01
1.452664675188696286e+01
1.528506772384183954e+01
1.807970289359483118e+01
1.420513671458609650e+01
0.000000000000000000e+00
1.313659735677090623e+01
0.000000000000000000e+00
1.573201648544272047e+01
1.990393788811385889e+01
1.606895294900373727e+01
1.763848745234109927e+01
0.000000000000000000e+00
1.587133182739417769e+01
1.475296222175776961e+01
0.000000000000000000e+00
2.509501533285819264e+01
1.854083968933150928e+01
2.614233834295967540e+01
0.000000000000000000e+00
2.183156985292474772e+01
0.000000000000000000e+00
1.268196414135830175e+01
1.218964490998677164e+01
1.381172778610288354e+01
1.172602681183369278e+01
2.509501533285819264e+01
1.268196414135830175e+01
1.307732734578527634e+01
0.000000000000000000e+00
1.973138444760457233e+01
0.000000000000000000e+00
1.693021918999260933e+01
1.739338563744330557e+01
2.799464640739305565e+01
1.315466525938935582e+01
2.805756249606941566e+01
0.000000000000000000e+00
2.509501533285819264e+01
1.272130979799889694e+01
1.854083968933150928e+01
1.758563744683889851e+01
1.394292402263980968e+01
1.427155003603173178e+01
0.000000000000000000e+00
0.000000000000000000e+00
2.210512932652606111e+01
1.123338643331081954e+01
1.427155003603173178e+01
0.000000000000000000e+00
1.365087456635687246e+01
0.000000000000000000e+00
0.000000000000000000e+00
1.234625955236597150e+01
1.272130979799889694e+01
1.265420907811354923e+01
0.000000000000000000e+00
1.854083968933150928e+01
1.282775235449422091e+01
0.000000000000000000e+00
0.000000000000000000e+00
1.147597231123248029e+01
1.172602681183369278e+01
1.303465923783273261e+01
0.000000000000000000e+00
0.000000000000000000e+00
0.000000000000000000e+00
0.000000000000000000e+00
1.298738996236021848e+01
1.100270942473460423e+01
0.000000000000000000e+00
1.378039968589172659e+01
1.378039968589172659e+01
1.186560617713797505e+01
0.000000000000000000e+00
1.255078695155043356e+01
1.275145464700606901e+01
1.405045011715793102e+01
1.509420689017766115e+01
0.000000000000000000e+00
1.218964490998677164e+01
2.210512932652606111e+01
1.309516625223923825e+01
1.186560617713797505e+01
1.574085475004381962e+01
2.799464640739305565e+01
0.000000000000000000e+00
1.275145464700606901e+01
1.736323174072916586e+01
1.123338643331081954e+01
0.000000000000000000e+00
1.736323174072916586e+01
1.736323174072916586e+01
0.000000000000000000e+00
2.219839995017543188e+01
1.358527093772827143e+01
2.210512932652606111e+01
1.039659199892659380e+01
0.000000000000000000e+00
1.294844702438140693e+01
1.414379890153819730e+01
0.000000000000000000e+00
1.405045011715793102e+01
1.265420907811354923e+01
1.881892905875416844e+01
2.210512932652606111e+01
1.123338643331081954e+01
1.378039968589172659e+01
1.147597231123248029e+01
0.000000000000000000e+00
1.510501913112995709e+01
1.510501913112995709e+01
0.000000000000000000e+00
1.278597656675351324e+01
1.373590149976715935e+01
0.000000000000000000e+00
1.557116493560085324e+01
1.739615712346597931e+01
1.694352287587424755e+01
1.947300631181902375e+01
1.571295804756528369e+01
1.694352287587424755e+01
2.098976467144087010e+01
0.000000000000000000e+00
1.694352287587424755e+01
1.789440943332416012e+01
1.899072125968618252e+01
1.751473592146157188e+01
2.241127337355993632e+01
1.811659468255718153e+01
0.000000000000000000e+00
2.403114639309077916e+01
2.133726895788385391e+01
2.584821977981969354e+01
1.841715129855354149e+01
2.457019842560679734e+01
1.995558568273980171e+01
1.811659468255718153e+01
2.280900835352151290e+01
0.000000000000000000e+00
1.877643144678769715e+01
2.458753759593156474e+01
1.747003488904543289e+01
1.694352287587424755e+01
1.995558568273980171e+01
1.486735419262985047e+01
1.583054902245815043e+01
1.964519747547964101e+01
1.694352287587424755e+01
1.963623482358299910e+01
2.007760105579773935e+01
1.707793428021621907e+01
1.818799969307454134e+01
1.606896582205732926e+01
1.947300631181902375e+01
1.935291925678462732e+01
1.747003488904543289e+01
2.082356661064196146e+01
1.739615712346597931e+01
1.747003488904543289e+01
1.896909537716378580e+01
1.811659468255718153e+01
1.995558568273980171e+01
1.899072125968618252e+01
1.606896582205732926e+01
1.557116493560085324e+01
2.295515328170907310e+01
0.000000000000000000e+00
1.894954490406378866e+01
1.811659468255718153e+01
1.694352287587424755e+01
0.000000000000000000e+00
1.800896779691096228e+01
1.896026986786663926e+01
1.960749906359030703e+01
1.795698948176862331e+01
1.795698948176862331e+01
1.795698948176862331e+01
2.316162826880232828e+01
0.000000000000000000e+00
0.000000000000000000e+00
1.606896582205732926e+01
0.000000000000000000e+00
2.016253291909375633e+01
1.776731482408836271e+01
0.000000000000000000e+00
1.894954490406378866e+01
0.000000000000000000e+00
1.739615712346597931e+01
1.671034361408750968e+01
1.795698948176862331e+01
1.707793428021621907e+01
1.935291925678462732e+01
0.000000000000000000e+00
0.000000000000000000e+00
1.747003488904543289e+01
0.000000000000000000e+00
1.557116493560085324e+01
2.287577012182869396e+01
1.583054902245815043e+01
1.894954490406378866e+01
1.826781780606118133e+01
1.826781780606118133e+01
1.811659468255718153e+01
0.000000000000000000e+00
1.795698948176862331e+01
1.694352287587424755e+01
0.000000000000000000e+00
0.000000000000000000e+00
1.772611743821408936e+01
1.795698948176862331e+01
1.557116493560085324e+01
1.795698948176862331e+01
1.486735419262985047e+01
1.694352287587424755e+01
8.926671075549574397e+00
0.000000000000000000e+00
2.331461456951643285e+01
0.000000000000000000e+00
9.909487247449074943e+00
0.000000000000000000e+00
9.465271309689430979e+00
1.828548759969636706e+01
8.926671075549574397e+00
9.133774728984597857e+00
1.169682517296415192e+01
1.238916992199457745e+01
1.018573957005431829e+01
1.274257096049844940e+01
2.142965390756800659e+01
1.171064543229754129e+01
0.000000000000000000e+00
1.479924472462935015e+01
9.281782323259575307e+00
1.035843131152274488e+01
8.926671075549574397e+00
1.417075349823950248e+01
9.909487247449074943e+00
9.909487247449074943e+00
1.229772901901810300e+01
1.090835075944631605e+01
2.233629883825321727e+01
1.103365396472483440e+01
0.000000000000000000e+00
8.926671075549574397e+00
1.240960092901191203e+01
1.018573957005431829e+01
1.479924472462935015e+01
1.215879647969403088e+01
0.000000000000000000e+00
1.208960870436403212e+01
1.087182644520294161e+01
0.000000000000000000e+00
1.090835075944631605e+01
1.485642240477957721e+01
8.926671075549574397e+00
1.079462699864007114e+01
1.348546741067626620e+01
0.000000000000000000e+00
0.000000000000000000e+00
2.142965390756800659e+01
9.047267000965812045e+00
9.465271309689430979e+00
1.305058605360745894e+01
0.000000000000000000e+00
0.000000000000000000e+00
1.305058605360745894e+01
0.000000000000000000e+00
1.305058605360745894e+01
0.000000000000000000e+00
1.215879647969403088e+01
0.000000000000000000e+00
0.000000000000000000e+00
9.047267000965812045e+00
9.047267000965812045e+00
0.000000000000000000e+00
1.087182644520294161e+01
1.485642240477957721e+01
0.000000000000000000e+00
0.000000000000000000e+00
1.090835075944631605e+01
1.745973360864718416e+01
1.417075349823950248e+01
1.056733049678539871e+01
9.047267000965812045e+00
1.745973360864718416e+01
8.926671075549574397e+00
1.361300234583192825e+01
1.485642240477957721e+01
0.000000000000000000e+00
1.238916992199457745e+01
0.000000000000000000e+00
9.047267000965812045e+00
0.000000000000000000e+00
1.408644686904098897e+01
0.000000000000000000e+00
1.799753697843379996e+01
1.171064543229754129e+01
1.996210220232296706e+01
9.321746016871856000e+00
0.000000000000000000e+00
1.774497319315462462e+01
1.745973360864718416e+01
1.183774645245799917e+01
1.282211524871865294e+01
8.926671075549574397e+00
2.233629883825321727e+01
2.487214088640502041e+01
1.453180676211995959e+01
1.417893288067549307e+01
1.238916992199457745e+01
1.417893288067549307e+01
2.233629883825321727e+01
1.062417941116434505e+01
9.909487247449074943e+00
0.000000000000000000e+00
1.017592976049294862e+01
0.000000000000000000e+00
0.000000000000000000e+00
1.683491014756005910e+01
9.352735936318248733e+00
7.537990058629903345e+00
2.046149870112769520e+01
1.524657511659174780e+01
1.366995321505243943e+01
0.000000000000000000e+00
0.000000000000000000e+00
1.366995321505243943e+01
1.366995321505243943e+01
1.156669406595449701e+01
9.048318983956288974e+00
0.000000000000000000e+00
2.194791497037833494e+01
0.000000000000000000e+00
9.463197819698514479e+00
2.194791497037833494e+01
0.000000000000000000e+00
0.000000000000000000e+00
1.228638349757539139e+01
0.000000000000000000e+00
0.000000000000000000e+00
1.616206744672337337e+01
1.447413212348693179e+01
7.537990058629903345e+00
8.520940524039049890e+00
9.616399831415655797e+00
1.494600594554188966e+01
1.104085117039387853e+01
1.511795912290675936e+01
0.000000000000000000e+00
0.000000000000000000e+00
0.000000000000000000e+00
1.140390293303139835e+01
0.000000000000000000e+00
9.616399831415655797e+00
1.447413212348693179e+01
1.140390293303139835e+01
8.861274179007486040e+00
1.494600594554188966e+01
0.000000000000000000e+00
1.943071338919417812e+01
1.447413212348693179e+01
1.616206744672337337e+01
1.095420792758294048e+01
1.030204371377434214e+01
0.000000000000000000e+00
1.494600594554188966e+01
0.000000000000000000e+00
0.000000000000000000e+00
1.494600594554188966e+01
9.366653166716520929e+00
0.000000000000000000e+00
8.111877548093270107e+00
0.000000000000000000e+00
0.000000000000000000e+00
9.833086303200522238e+00
1.616206744672337337e+01
0.000000000000000000e+00
8.973430596212994104e+00
0.000000000000000000e+00
1.017592976049294862e+01
0.000000000000000000e+00
0.000000000000000000e+00
0.000000000000000000e+00
8.861274179007486040e+00
1.891091926418632951e+01
0.000000000000000000e+00
8.162425329942351482e+00
1.104085117039387853e+01
1.352796406887390113e+01
0.000000000000000000e+00
8.861274179007486040e+00
0.000000000000000000e+00
0.000000000000000000e+00
0.000000000000000000e+00
8.861274179007486040e+00
1.292628131582814177e+01
1.494600594554188966e+01
1.494600594554188966e+01
0.000000000000000000e+00
9.515386314754195496e+00
1.014029995676475338e+01
7.537990058629903345e+00
9.352735936318248733e+00
0.000000000000000000e+00
1.366995321505243943e+01
1.957811567057304103e+01
8.916962396477382313e+00
1.524657511659174780e+01
0.000000000000000000e+00
9.833086303200522238e+00
2.194791497037833494e+01
9.216918032554735518e+00
1.366995321505243943e+01
1.871026691332593117e+01
1.955544188282474494e+01
1.914332000000305811e+01
1.742782850715376242e+01
1.871026691332593117e+01
1.563840635130500800e+01
0.000000000000000000e+00
0.000000000000000000e+00
0.000000000000000000e+00
0.000000000000000000e+00
1.147166747500831185e+01
2.041728845112130486e+01
0.000000000000000000e+00
1.563840635130500800e+01
1.442418905992918532e+01
2.292438989405611238e+01
1.093189402415923794e+01
8.525448394056020618e+00
1.889267059573273855e+01
1.302809892202955844e+01
1.237988491535620028e+01
0.000000000000000000e+00
1.101421417954436421e+01
0.000000000000000000e+00
1.321731738791277877e+01
9.217349583761087928e+00
0.000000000000000000e+00
0.000000000000000000e+00
8.525448394056020618e+00
1.345505614665222360e+01
1.498827068469000956e+01
0.000000000000000000e+00
1.980105195731230339e+01
1.101421417954436421e+01
2.292438989405611238e+01
0.000000000000000000e+00
0.000000000000000000e+00
1.226093259523991996e+01
1.299025093882426063e+01
1.267449857877316788e+01
0.000000000000000000e+00
0.000000000000000000e+00
9.217349583761087928e+00
1.259173337972305973e+01
1.889267059573273855e+01
1.259173337972305973e+01
1.085934486449565739e+01
2.224359181672221553e+01
1.107036210992151481e+01
1.321731738791277877e+01
1.563840635130500800e+01
1.228376507863690392e+01
1.871556403038210092e+01
2.224359181672221553e+01
0.000000000000000000e+00
0.000000000000000000e+00
2.469301568082087073e+01
0.000000000000000000e+00
1.563840635130500800e+01
1.520017252289458831e+01
1.980105195731230339e+01
1.358470986446905826e+01
1.085934486449565739e+01
2.032399865134563655e+01
1.302809892202955844e+01
0.000000000000000000e+00
1.636441402562939373e+01
0.000000000000000000e+00
1.358470986446905826e+01
1.085934486449565739e+01
0.000000000000000000e+00
1.110770226832435270e+01
1.259173337972305973e+01
1.085934486449565739e+01
8.525448394056020618e+00
0.000000000000000000e+00
2.032399865134563655e+01
0.000000000000000000e+00
0.000000000000000000e+00
1.321731738791277877e+01
0.000000000000000000e+00
1.321731738791277877e+01
1.760066875019648336e+01
1.563840635130500800e+01
2.469301568082087073e+01
1.563840635130500800e+01
1.358470986446905826e+01
1.636441402562939373e+01
0.000000000000000000e+00
2.063919651633674590e+01
1.417091279036493212e+01
2.224359181672221553e+01
0.000000000000000000e+00
0.000000000000000000e+00
1.760066875019648336e+01
1.966499393091861947e+01
1.302809892202955844e+01
1.760066875019648336e+01
0.000000000000000000e+00
1.796079437497064646e+01
0.000000000000000000e+00
1.614023562176737414e+01
2.744699739456396870e+01
0.000000000000000000e+00
3.174820388727512821e+01
2.367477153542404622e+01
0.000000000000000000e+00
0.000000000000000000e+00
0.000000000000000000e+00
2.276308138466685449e+01
2.783467308323178102e+01
2.408722975134131161e+01
2.162224619493250088e+01
0.000000000000000000e+00
0.000000000000000000e+00
2.842984871755779963e+01
3.168043085619873622e+01
0.000000000000000000e+00
0.000000000000000000e+00
1.995771486051787136e+01
2.201154737144734597e+01
1.944702094736866727e+01
2.030508861914982432e+01
2.107666068006099280e+01
0.000000000000000000e+00
2.065940809591624472e+01
1.639448387372485172e+01
2.842984871755779963e+01
1.995771486051787136e+01
2.349735406471489441e+01
2.742611418863252126e+01
2.076434276236709664e+01
2.051569284366910040e+01
0.000000000000000000e+00
3.053223752431630089e+01
2.159715071132976405e+01
2.166396553711512851e+01
2.936634964323328845e+01
2.259848484679876179e+01
0.000000000000000000e+00
0.000000000000000000e+00
2.742611418863252126e+01
2.936634964323328845e+01
4.276902973989425050e+01
2.659934246753437748e+01
0.000000000000000000e+00
2.107867456581015020e+01
1.982669335026238855e+01
0.000000000000000000e+00
2.207538803671986827e+01
0.000000000000000000e+00
2.936634964323328845e+01
0.000000000000000000e+00
0.000000000000000000e+00
0.000000000000000000e+00
2.936634964323328845e+01
0.000000000000000000e+00
0.000000000000000000e+00
1.802849414030086095e+01
0.000000000000000000e+00
2.063247123582591769e+01
2.689833736912816065e+01
0.000000000000000000e+00
0.000000000000000000e+00
0.000000000000000000e+00
1.813736679037208077e+01
2.186003585075152245e+01
2.076434276236709664e+01
0.000000000000000000e+00
1.639448387372485172e+01
0.000000000000000000e+00
0.000000000000000000e+00
1.516988646806318819e+01
1.802849414030086095e+01
2.201154737144734597e+01
1.639448387372485172e+01
1.813736679037208077e+01
2.285050768877546545e+01
0.000000000000000000e+00
1.639448387372485172e+01
0.000000000000000000e+00
2.858635179827759032e+01
1.804595691559323356e+01
2.675854227198660951e+01
2.207538803671986827e+01
0.000000000000000000e+00
0.000000000000000000e+00
2.338914859890778430e+01
1.879447958833196353e+01
0.000000000000000000e+00
2.166396553711512851e+01
2.285050768877546545e+01
2.742611418863252126e+01
0.000000000000000000e+00
0.000000000000000000e+00
2.230191456916844928e+01
2.201154737144734597e+01
0.000000000000000000e+00
1.997730558758196295e+01
2.253774944517513390e+01
2.073136595241407676e+01
1.639714185289498971e+01
2.073136595241407676e+01
1.616005758255324309e+01
2.402785199322777032e+01
1.475383023760237045e+01
2.004901349084477502e+01
0.000000000000000000e+00
1.181202730324770656e+01
1.181202730324770656e+01
2.314993066451236459e+01
2.238032933029956695e+01
1.532771473383667171e+01
1.801919592113558721e+01
2.015117909674172836e+01
0.000000000000000000e+00
1.234140899047534568e+01
2.637524434945977347e+01
1.234140899047534568e+01
1.253512275155032896e+01
0.000000000000000000e+00
2.073136595241407676e+01
1.537925962852337847e+01
1.460065921467094263e+01
0.000000000000000000e+00
1.928225571532962235e+01
2.921632111170636392e+01
1.640620605165671719e+01
1.175323405583629999e+01
2.855617024356003952e+01
1.460065921467094263e+01
0.000000000000000000e+00
2.050939967592309188e+01
2.140786448984640344e+01
1.169184338547222346e+01
1.175323405583629999e+01
0.000000000000000000e+00
0.000000000000000000e+00
2.323731465792783268e+01
1.928225571532962235e+01
1.574345785640604234e+01
0.000000000000000000e+00
0.000000000000000000e+00
1.801919592113558721e+01
1.460065921467094263e+01
1.169184338547222346e+01
0.000000000000000000e+00
2.411968419864042801e+01
1.460065921467094263e+01
1.388441641403202276e+01
1.640620605165671719e+01
1.475383023760237045e+01
1.869176702027258230e+01
1.687783806886713833e+01
2.140786448984640344e+01
0.000000000000000000e+00
0.000000000000000000e+00
1.181202730324770656e+01
1.175323405583629999e+01
0.000000000000000000e+00
1.140269829259724510e+01
1.175323405583629999e+01
1.348313822889746660e+01
1.749070472403707299e+01
0.000000000000000000e+00
1.512297589121255115e+01
1.341034008527556942e+01
0.000000000000000000e+00
2.314993066451236459e+01
1.640620605165671719e+01
0.000000000000000000e+00
1.687783806886713833e+01
1.512297589121255115e+01
0.000000000000000000e+00
0.000000000000000000e+00
0.000000000000000000e+00
0.000000000000000000e+00
0.000000000000000000e+00
0.000000000000000000e+00
0.000000000000000000e+00
0.000000000000000000e+00
0.000000000000000000e+00
1.749070472403707299e+01
2.470054348469205507e+01
2.314993066451236459e+01
2.411968419864042801e+01
0.000000000000000000e+00
1.477410482876701892e+01
1.532771473383667171e+01
1.929522783092935256e+01
1.874980830744219062e+01
1.537925962852337847e+01
2.470054348469205507e+01
0.000000000000000000e+00
1.639714185289498971e+01
1.905103350173752830e+01
1.687783806886713833e+01
2.140786448984640344e+01
1.929522783092935256e+01
2.129612464851779308e+01
1.094745110556377554e+01
0.000000000000000000e+00
1.678321700313339804e+01
0.000000000000000000e+00
1.334022368685358906e+01
1.215938349628426707e+01
0.000000000000000000e+00
1.121858017486601966e+01
1.696326085346597168e+01
1.083961750686930436e+01
1.135828257341113989e+01
0.000000000000000000e+00
0.000000000000000000e+00
2.547793810230169242e+01
0.000000000000000000e+00
1.590562172995201706e+01
1.215938349628426707e+01
1.215938349628426707e+01
0.000000000000000000e+00
0.000000000000000000e+00
0.000000000000000000e+00
0.000000000000000000e+00
2.700101324900077060e+01
0.000000000000000000e+00
1.243425548823990390e+01
1.215938349628426707e+01
1.316412866769113599e+01
1.243425548823990390e+01
9.406247808044593484e+00
1.334022368685358906e+01
1.782509103537701733e+01
1.083961750686930436e+01
1.734364104913763427e+01
1.590323858409146141e+01
0.000000000000000000e+00
1.095243722809384757e+01
2.036251857899286577e+01
1.399568092876864078e+01
0.000000000000000000e+00
0.000000000000000000e+00
1.243425548823990390e+01
1.324758770584726619e+01
0.000000000000000000e+00
1.696326085346597168e+01
0.000000000000000000e+00
0.000000000000000000e+00
0.000000000000000000e+00
1.928243410395089796e+01
1.062166119664807695e+01
0.000000000000000000e+00
0.000000000000000000e+00
1.062166119664807695e+01
0.000000000000000000e+00
1.255862689793942089e+01
0.000000000000000000e+00
0.000000000000000000e+00
1.062166119664807695e+01
1.280770598590405740e+01
2.634805333426073659e+01
1.607610268535899678e+01
1.697346281080985264e+01
1.334022368685358906e+01
0.000000000000000000e+00
0.000000000000000000e+00
0.000000000000000000e+00
0.000000000000000000e+00
1.297754493350845273e+01
1.324758770584726619e+01
0.000000000000000000e+00
1.324758770584726619e+01
1.399568092876864078e+01
1.062166119664807695e+01
1.252735704816401707e+01
1.928243410395089796e+01
1.735937354150463108e+01
1.697346281080985264e+01
1.579847388619326409e+01
1.280770598590405740e+01
1.567359856830021236e+01
1.243425548823990390e+01
1.225105129753283961e+01
0.000000000000000000e+00
1.402567136890815824e+01
1.579847388619326409e+01
0.000000000000000000e+00
1.062166119664807695e+01
1.590562172995201706e+01
2.493189726748497748e+01
1.252735704816401707e+01
2.634805333426073659e+01
0.000000000000000000e+00
2.557816653236913851e+01
0.000000000000000000e+00
1.678321700313339804e+01
0.000000000000000000e+00
1.735937354150463108e+01
0.000000000000000000e+00
1.333581178034135029e+01
2.326623502837484381e+01
0.000000000000000000e+00
2.063057262226936572e+01
0.000000000000000000e+00
3.914664283947787737e+01
0.000000000000000000e+00
2.264999750296239256e+01
0.000000000000000000e+00
2.174850830979047345e+01
0.000000000000000000e+00
0.000000000000000000e+00
7.715141493752289747e+00
0.000000000000000000e+00
0.000000000000000000e+00
1.993761500676568588e+01
1.344520652083201817e+01
1.721322085538325908e+01
1.979711135891970386e+01
1.215076172573537860e+01
1.721322085538325908e+01
8.668826334682028900e+00
0.000000000000000000e+00
0.000000000000000000e+00
1.344520652083201817e+01
0.000000000000000000e+00
9.990524463923572185e+00
2.113563628216414259e+01
1.068894395796216479e+01
1.373219295171990240e+01
1.721322085538325908e+01
1.802849414030086095e+01
9.754594034809921155e+00
0.000000000000000000e+00
0.000000000000000000e+00
8.804288821931207210e+00
1.993761500676568588e+01
2.193286756247035996e+01
1.373219295171990240e+01
0.000000000000000000e+00
0.000000000000000000e+00
0.000000000000000000e+00
2.286632996460206613e+01
1.373219295171990240e+01
1.041891258427920874e+01
0.000000000000000000e+00
7.715141493752289747e+00
9.990524463923572185e+00
0.000000000000000000e+00
2.174850830979047345e+01
9.723990826522829423e+00
0.000000000000000000e+00
1.039469917934030185e+01
1.373219295171990240e+01
8.141473402779103807e+00
0.000000000000000000e+00
9.933730089060807344e+00
2.264999750296239256e+01
1.796542760540954831e+01
9.723990826522829423e+00
2.264999750296239256e+01
1.350277351431171624e+01
1.824766902501642463e+01
0.000000000000000000e+00
9.848209872157793754e+00
1.726470276383520996e+01
2.193286756247035996e+01
1.165649607991692882e+01
8.467873466056133225e+00
1.515222258227901797e+01
8.668826334682028900e+00
1.711450708561325129e+01
1.512368823614948532e+01
1.207991688186300827e+01
1.373219295171990240e+01
3.310958547583290823e+01
0.000000000000000000e+00
8.835248857309096593e+00
8.835248857309096593e+00
8.332318034493827241e+00
2.089828966560946455e+01
1.711450708561325129e+01
0.000000000000000000e+00
6.445198381138170340e+00
1.782429655800069668e+01
1.440002524794711647e+01
1.079391376673821235e+01
7.715141493752289747e+00
9.016263685933521899e+00
9.936159805492412289e+00
0.000000000000000000e+00
9.933730089060807344e+00
9.016263685933521899e+00
2.541977247127450568e+01
1.802849414030086095e+01
1.141645441702055130e+01
0.000000000000000000e+00
0.000000000000000000e+00
1.039746514300302138e+01
8.657319178232803836e+00
0.000000000000000000e+00
9.016263685933521899e+00
1.721322085538325908e+01
1.156321179028798518e+01
9.162124030805816943e+00
1.470000604416229173e+01
0.000000000000000000e+00
9.450260417613186803e+00
1.452586427555545434e+01
1.650541978683152422e+01
9.450260417613186803e+00
0.000000000000000000e+00
0.000000000000000000e+00
1.022571376963835377e+01
0.000000000000000000e+00
9.587518096776632248e+00
0.000000000000000000e+00
0.000000000000000000e+00
1.452586427555545434e+01
1.434526193648514791e+01
1.217465900491361097e+01
0.000000000000000000e+00
0.000000000000000000e+00
1.006494871642698996e+01
1.006494871642698996e+01
1.217465900491361097e+01
1.974455204833768818e+01
0.000000000000000000e+00
0.000000000000000000e+00
1.974455204833768818e+01
0.000000000000000000e+00
0.000000000000000000e+00
0.000000000000000000e+00
0.000000000000000000e+00
0.000000000000000000e+00
1.974455204833768818e+01
9.450260417613186803e+00
0.000000000000000000e+00
0.000000000000000000e+00
0.000000000000000000e+00
0.000000000000000000e+00
1.427147822624351470e+01
1.217465900491361097e+01
1.400000262711674281e+01
0.000000000000000000e+00
1.558357694860536036e+01
9.840878160972472699e+00
1.452586427555545434e+01
9.734430677185276437e+00
0.000000000000000000e+00
1.080608467047315280e+01
0.000000000000000000e+00
0.000000000000000000e+00
0.000000000000000000e+00
1.723716153669640505e+01
1.511959972796874041e+01
1.172798327933578832e+01
9.587518096776632248e+00
2.223121795786708788e+01
0.000000000000000000e+00
0.000000000000000000e+00
1.723716153669640505e+01
0.000000000000000000e+00
1.217465900491361097e+01
0.000000000000000000e+00
1.006494871642698996e+01
2.204627433435724981e+01
9.465686746547813613e+00
1.217465900491361097e+01
1.022571376963835377e+01
1.299586609203853627e+01
0.000000000000000000e+00
2.223121795786708788e+01
0.000000000000000000e+00
0.000000000000000000e+00
0.000000000000000000e+00
1.197571228077985594e+01
1.974455204833768818e+01
0.000000000000000000e+00
1.445891293754738705e+01
0.000000000000000000e+00
0.000000000000000000e+00
0.000000000000000000e+00
9.734430677185276437e+00
0.000000000000000000e+00
0.000000000000000000e+00
1.006494871642698996e+01
9.587518096776632248e+00
0.000000000000000000e+00
0.000000000000000000e+00
1.299586609203853627e+01
1.217465900491361097e+01
9.734430677185276437e+00
1.833057549506229478e+01
0.000000000000000000e+00
0.000000000000000000e+00
1.047232248080095829e+01
9.450260417613186803e+00
1.735192393750520168e+01
0.000000000000000000e+00
1.006494871642698996e+01
0.000000000000000000e+00
0.000000000000000000e+00
1.425190840731089281e+01
1.276375277884358361e+01
1.240863813047782571e+01
1.229022636286661907e+01
1.000282240256309763e+01
1.196340212693991489e+01
1.276375277884358361e+01
9.471470287765621165e+00
0.000000000000000000e+00
9.755113829812547266e+00
0.000000000000000000e+00
1.094388096711959868e+01
1.000282240256309763e+01
1.229022636286661907e+01
9.220552620618096995e+00
1.425550818960106625e+01
1.033397489133656677e+01
0.000000000000000000e+00
1.506862696689300662e+01
1.108765976390470165e+01
2.456379935554467764e+01
1.080351256636097190e+01
1.112869173239189635e+01
1.417741786793239100e+01
9.220552620618096995e+00
0.000000000000000000e+00
1.112869173239189635e+01
0.000000000000000000e+00
9.471470287765621165e+00
1.506862696689300662e+01
0.000000000000000000e+00
0.000000000000000000e+00
0.000000000000000000e+00
1.212207538300645737e+01
0.000000000000000000e+00
0.000000000000000000e+00
0.000000000000000000e+00
0.000000000000000000e+00
1.158157891175688192e+01
1.170216361911300140e+01
0.000000000000000000e+00
1.108765976390470165e+01
1.926132428532178409e+01
1.033397489133656677e+01
1.384489243836942229e+01
1.044666664956283419e+01
0.000000000000000000e+00
1.033397489133656677e+01
0.000000000000000000e+00
1.227585482614767720e+01
0.000000000000000000e+00
1.033397489133656677e+01
0.000000000000000000e+00
1.080351256636097190e+01
0.000000000000000000e+00
0.000000000000000000e+00
0.000000000000000000e+00
1.389134632543763459e+01
0.000000000000000000e+00
0.000000000000000000e+00
0.000000000000000000e+00
0.000000000000000000e+00
1.044666664956283419e+01
1.417741786793239100e+01
0.000000000000000000e+00
0.000000000000000000e+00
1.108765976390470165e+01
0.000000000000000000e+00
0.000000000000000000e+00
0.000000000000000000e+00
0.000000000000000000e+00
1.839654378101598198e+01
0.000000000000000000e+00
1.112869173239189635e+01
2.456379935554467764e+01
1.229022636286661907e+01
0.000000000000000000e+00
0.000000000000000000e+00
0.000000000000000000e+00
0.000000000000000000e+00
0.000000000000000000e+00
1.108765976390470165e+01
0.000000000000000000e+00
1.152600806960581892e+01
1.080587080385182119e+01
1.851854100617326893e+01
1.153897509346739092e+01
0.000000000000000000e+00
0.000000000000000000e+00
0.000000000000000000e+00
1.926132428532178409e+01
1.417741786793239100e+01
0.000000000000000000e+00
0.000000000000000000e+00
9.220552620618096995e+00
0.000000000000000000e+00
1.108765976390470165e+01
9.732359077917028145e+00
1.108765976390470165e+01
0.000000000000000000e+00
1.989562322133140881e+01
0.000000000000000000e+00
0.000000000000000000e+00
1.954925103039430567e+01
1.645431932162947675e+01
0.000000000000000000e+00
1.951257980997283781e+01
1.826345233141141478e+01
2.216035986090020415e+01
1.115367870236690706e+01
0.000000000000000000e+00
0.000000000000000000e+00
1.063374022463345270e+01
1.195720578136911350e+01
1.876304981295787044e+01
2.052712989807286448e+01
0.000000000000000000e+00
2.531330542017528629e+01
0.000000000000000000e+00
2.027157890891298564e+01
0.000000000000000000e+00
0.000000000000000000e+00
2.802406579424088662e+01
2.174658409396086611e+01
1.876304981295787044e+01
1.919997343292389047e+01
0.000000000000000000e+00
0.000000000000000000e+00
1.813736679037208077e+01
0.000000000000000000e+00
1.376467081439682261e+01
1.989562322133140881e+01
0.000000000000000000e+00
1.650585495402649272e+01
0.000000000000000000e+00
1.870022533966540124e+01
2.016414034675225864e+01
1.464526639077524273e+01
1.826345233141141478e+01
0.000000000000000000e+00
2.148012011745825944e+01
0.000000000000000000e+00
2.081978308121676591e+01
2.745430765822694852e+01
2.736092046428093738e+01
1.875947953091110776e+01
0.000000000000000000e+00
1.876304981295787044e+01
0.000000000000000000e+00
0.000000000000000000e+00
0.000000000000000000e+00
1.876304981295787044e+01
0.000000000000000000e+00
1.382257795343368478e+01
0.000000000000000000e+00
2.577103570475461325e+01
1.619390380269352647e+01
0.000000000000000000e+00
1.873670037894121521e+01
1.873670037894121521e+01
2.577103570475461325e+01
0.000000000000000000e+00
2.155894778064197936e+01
0.000000000000000000e+00
1.675712765312500707e+01
2.223713271237383537e+01
1.977565599743317293e+01
0.000000000000000000e+00
0.000000000000000000e+00
1.876304981295787044e+01
1.977565599743317293e+01
0.000000000000000000e+00
1.481860542985189610e+01
1.450428715784276790e+01
1.919997343292389047e+01
0.000000000000000000e+00
2.710122658628003478e+01
1.355589552595344927e+01
2.624015051563998213e+01
2.216504828957928908e+01
1.216757688232930690e+01
2.600074994314135068e+01
3.459062527462818082e+01
0.000000000000000000e+00
3.458930738773992886e+01
3.289331763556362631e+01
0.000000000000000000e+00
2.016414034675225864e+01
2.658277663986024919e+01
2.400291418695649881e+01
0.000000000000000000e+00
1.951257980997283781e+01
2.817649815945147651e+01
1.261892756265415017e+01
0.000000000000000000e+00
2.650260278793538404e+01
2.818767452668809526e+01
2.936634964323328845e+01
0.000000000000000000e+00
2.155894778064197936e+01
2.554399508186276080e+01
3.117364615886069501e+01
2.745430765822694852e+01
2.014688164873293275e+01
0.000000000000000000e+00
0.000000000000000000e+00
1.730005215062535129e+01
0.000000000000000000e+00
2.972453839697721278e+01
0.000000000000000000e+00
1.940472217688676437e+01
1.560790943807342224e+01
2.745430765822694852e+01
3.735215623858173473e+01
1.311850819419327507e+01
0.000000000000000000e+00
3.003112384511882027e+01
1.487387784756744580e+01
0.000000000000000000e+00
3.458930738773992886e+01
1.817288686843967227e+01
3.735215623858173473e+01
3.209994775111605492e+01
2.976555445456552818e+01
1.633335074504005746e+01
0.000000000000000000e+00
0.000000000000000000e+00
1.560790943807342224e+01
0.000000000000000000e+00
2.128020872542569109e+01
3.992629481713620976e+01
2.379666930581881346e+01
2.621307799955420492e+01
1.391411235925912493e+01
3.524411627994830098e+01
1.990890232200100485e+01
1.633335074504005746e+01
1.579573768411275481e+01
1.490045503763597878e+01
0.000000000000000000e+00
1.955253692279519484e+01
1.560790943807342224e+01
3.148756554792408124e+01
1.521550764512410403e+01
0.000000000000000000e+00
0.000000000000000000e+00
0.000000000000000000e+00
1.399528703940497820e+01
2.127789719293770787e+01
2.329044602102562678e+01
0.000000000000000000e+00
0.000000000000000000e+00
2.857319635153897153e+01
0.000000000000000000e+00
0.000000000000000000e+00
0.000000000000000000e+00
1.874971241293977542e+01
2.186501567539875879e+01
1.311850819419327507e+01
2.250602498567952736e+01
2.250602498567952736e+01
2.711624365693433703e+01
2.353769731302957169e+01
2.585792024476317863e+01
2.373328705070767697e+01
2.409990589155919949e+01
0.000000000000000000e+00
2.503970225144553297e+01
3.027502545079939011e+01
1.560790943807342224e+01
2.621307799955420492e+01
3.289331763556362631e+01
0.000000000000000000e+00
0.000000000000000000e+00
1.657359103332700911e+01
2.090253412618374540e+01
3.585697781144538965e+01
3.699882283416316398e+01
0.000000000000000000e+00
0.000000000000000000e+00
1.503440391228371453e+01
0.000000000000000000e+00
2.014688164873293275e+01
1.424898572261465191e+01
1.728246898096672979e+01
1.424898572261465191e+01
1.391411235925912493e+01
2.300602539137716462e+01
0.000000000000000000e+00
2.300602539137716462e+01
1.514604489279386712e+01
0.000000000000000000e+00
2.409990589155919949e+01
2.300602539137716462e+01
2.334935533219432813e+01
2.711624365693433703e+01
1.875636835479848941e+01
2.463540206771180507e+01
2.300602539137716462e+01
1.631098612848142437e+01
1.376389211196126539e+01
1.690581419613837255e+01
1.488799322859111562e+01
0.000000000000000000e+00
1.896478212834319166e+01
0.000000000000000000e+00
1.697157122367047322e+01
1.283570971328545696e+01
0.000000000000000000e+00
0.000000000000000000e+00
0.000000000000000000e+00
0.000000000000000000e+00
0.000000000000000000e+00
2.852484483244307967e+01
1.768696718131435119e+01
1.565312165287489243e+01
0.000000000000000000e+00
0.000000000000000000e+00
9.194360308312438335e+00
1.228502301886654102e+01
9.583849159544600482e+00
0.000000000000000000e+00
1.994432512352021902e+01
0.000000000000000000e+00
2.628045770414625792e+01
1.376389211196126539e+01
0.000000000000000000e+00
9.367195735786445709e+00
1.228502301886654102e+01
0.000000000000000000e+00
0.000000000000000000e+00
0.000000000000000000e+00
1.439949828337175930e+01
1.632666376129242991e+01
9.250607059571324342e+00
0.000000000000000000e+00
1.488799322859111562e+01
2.852484483244307967e+01
1.076479187866997123e+01
0.000000000000000000e+00
0.000000000000000000e+00
1.156957030460288749e+01
1.994432512352021902e+01
9.296056535780316210e+00
9.427904739713591553e+00
8.945128008425923483e+00
9.588772497946335349e+00
1.249469411208783853e+01
1.376389211196126539e+01
1.153309894371578359e+01
1.607462422834952775e+01
1.143872677566910845e+01
0.000000000000000000e+00
7.793261599451225763e+00
0.000000000000000000e+00
1.461451435820770151e+01
0.000000000000000000e+00
1.090292492611710351e+01
0.000000000000000000e+00
1.739552480988710670e+01
0.000000000000000000e+00
1.006576238267347811e+01
1.368448610401930665e+01
1.591499642741180054e+01
2.266001403297028105e+01
0.000000000000000000e+00
1.111639014144430782e+01
1.591499642741180054e+01
1.690581419613837255e+01
1.860682460064051824e+01
1.565312165287489243e+01
1.090292492611710351e+01
0.000000000000000000e+00
2.628045770414625792e+01
1.076479187866997123e+01
0.000000000000000000e+00
1.111639014144430782e+01
1.565312165287489243e+01
0.000000000000000000e+00
1.138315977585979866e+01
9.900304137678432426e+00
1.111639014144430782e+01
8.803562585084646841e+00
1.437256319585403830e+01
1.303480623714841435e+01
0.000000000000000000e+00
1.076479187866997123e+01
1.896478212834319166e+01
1.423830258764206214e+01
1.607462422834952775e+01
1.439949828337175930e+01
9.427904739713591553e+00
1.632666376129242991e+01
0.000000000000000000e+00
1.076479187866997123e+01
2.003216798101394147e+01
9.027931151004803922e+00
0.000000000000000000e+00
0.000000000000000000e+00
1.138315977585979866e+01
1.216309844764644765e+01
1.216309844764644765e+01
1.130442511901001268e+01
8.886253441658160668e+00
1.155349475971823381e+01
1.216309844764644765e+01
2.194602020659007380e+01
8.886253441658160668e+00
2.080177398176705239e+01
1.770550265257772793e+01
1.216309844764644765e+01
0.000000000000000000e+00
1.010981014132633327e+01
0.000000000000000000e+00
9.399196054514481702e+00
1.130442511901001268e+01
1.130442511901001268e+01
1.107007684227008504e+01
1.130442511901001268e+01
0.000000000000000000e+00
1.082121221408377565e+01
1.197376868839774389e+01
0.000000000000000000e+00
1.694214082806857391e+01
9.218122159209601207e+00
1.340844209095847361e+01
0.000000000000000000e+00
1.770550265257772793e+01
1.197376868839774389e+01
1.082121221408377565e+01
0.000000000000000000e+00
2.194602020659007380e+01
0.000000000000000000e+00
8.840904389529400831e+00
8.840904389529400831e+00
0.000000000000000000e+00
0.000000000000000000e+00
2.311390811754396779e+01
2.032648047208083852e+01
1.563905580069427081e+01
1.216309844764644765e+01
0.000000000000000000e+00
1.523678600678626438e+01
8.706297617602986705e+00
1.130442511901001268e+01
9.290819046100150302e+00
1.102863590769307400e+01
8.364698246784886493e+00
9.399196054514481702e+00
9.372913838770912776e+00
8.840904389529400831e+00
1.231628527343906576e+01
1.216309844764644765e+01
1.761931826733895079e+01
0.000000000000000000e+00
0.000000000000000000e+00
1.130442511901001268e+01
8.364698246784886493e+00
1.454281234750699880e+01
1.151498737647987269e+01
2.194602020659007380e+01
0.000000000000000000e+00
1.758563744683889851e+01
1.376498832674211670e+01
8.364698246784886493e+00
1.454281234750699880e+01
1.010981014132633327e+01
1.758563744683889851e+01
0.000000000000000000e+00
0.000000000000000000e+00
1.400806828538907567e+01
8.855411820654806476e+00
1.860813717988808946e+01
9.552704162574663371e+00
1.082121221408377565e+01
1.082121221408377565e+01
0.000000000000000000e+00
1.676995189072210835e+01
1.010981014132633327e+01
1.152600126394271740e+01
0.000000000000000000e+00
0.000000000000000000e+00
9.290819046100150302e+00
2.194602020659007380e+01
0.000000000000000000e+00
1.650541978683152422e+01
8.840904389529400831e+00
1.152600126394271740e+01
1.246789164495649516e+01
0.000000000000000000e+00
0.000000000000000000e+00
0.000000000000000000e+00
2.080177398176705239e+01
1.415701519158669264e+01
1.246789164495649516e+01
1.082121221408377565e+01
8.840904389529400831e+00
1.400806828538907567e+01
1.151498737647987269e+01
9.781112452227468168e+00
1.266859137698720694e+01
2.821350096633529247e+01
0.000000000000000000e+00
0.000000000000000000e+00
1.549368573916223824e+01
1.481193234092252986e+01
2.184756373945728924e+01
1.156453253078986343e+01
0.000000000000000000e+00
0.000000000000000000e+00
1.322261230877964344e+01
0.000000000000000000e+00
0.000000000000000000e+00
1.667391404984520165e+01
1.742521727427095968e+01
1.252713885521836268e+01
1.799928191414284484e+01
1.691346425323103375e+01
1.704240563156279009e+01
1.667391404984520165e+01
1.481193234092252986e+01
1.122974534830826343e+01
1.159157017261307310e+01
2.236949018543268153e+01
1.742521727427095968e+01
0.000000000000000000e+00
1.322261230877964344e+01
1.446612754662597311e+01
1.023702892327256286e+01
0.000000000000000000e+00
0.000000000000000000e+00
1.742521727427095968e+01
3.128542062389114520e+01
1.078390917797267790e+01
1.078390917797267790e+01
1.459681715262799706e+01
1.322261230877964344e+01
1.322261230877964344e+01
0.000000000000000000e+00
1.122974534830826343e+01
1.446612754662597311e+01
2.286864799262140835e+01
1.967362030314657062e+01
1.945954303307048860e+01
0.000000000000000000e+00
1.742521727427095968e+01
1.078390917797267790e+01
1.378778564257840067e+01
1.945954303307048860e+01
1.378778564257840067e+01
1.187941846810126734e+01
0.000000000000000000e+00
0.000000000000000000e+00
1.295513651414151290e+01
1.446612754662597311e+01
1.187941846810126734e+01
0.000000000000000000e+00
0.000000000000000000e+00
1.624338695181880610e+01
1.252713885521836268e+01
1.159157017261307310e+01
1.564101033708163158e+01
1.023702892327256286e+01
0.000000000000000000e+00
1.403306118874173691e+01
1.742521727427095968e+01
1.742521727427095968e+01
1.078390917797267790e+01
1.122974534830826343e+01
1.777234033913156352e+01
2.726335487431591886e+01
2.726335487431591886e+01
1.742521727427095968e+01
0.000000000000000000e+00
1.667391404984520165e+01
0.000000000000000000e+00
1.180565198738092292e+01
1.266859137698720694e+01
1.481193234092252986e+01
0.000000000000000000e+00
0.000000000000000000e+00
1.777234033913156352e+01
1.799618965894276812e+01
0.000000000000000000e+00
1.428139983039318217e+01
0.000000000000000000e+00
1.156453253078986343e+01
2.107752771123558944e+01
1.159157017261307310e+01
1.852445821941977044e+01
0.000000000000000000e+00
1.122974534830826343e+01
1.523139263834442225e+01
0.000000000000000000e+00
2.090834039137319422e+01
1.078390917797267790e+01
2.403114639309077916e+01
0.000000000000000000e+00
0.000000000000000000e+00
2.435296501110252620e+01
1.609134533094835007e+01
0.000000000000000000e+00
2.005524099699168872e+01
0.000000000000000000e+00
2.643722007758019288e+01
2.133771281309174839e+01
1.966130540922592473e+01
2.558233289072416383e+01
1.515791761118323855e+01
1.724058204963905894e+01
2.064730136852393372e+01
0.000000000000000000e+00
0.000000000000000000e+00
0.000000000000000000e+00
1.750591034958674186e+01
1.985152324199627927e+01
1.985152324199627927e+01
0.000000000000000000e+00
2.546541825479568644e+01
3.784702167142718565e+01
2.500714048131414913e+01
1.624738258724136486e+01
2.297601383695984012e+01
1.317430256413693712e+01
2.894984107559295339e+01
0.000000000000000000e+00
2.064730136852393372e+01
2.558233289072416383e+01
1.624738258724136486e+01
2.523584399648531829e+01
1.788484274938054597e+01
1.515791761118323855e+01
1.816815432399119246e+01
0.000000000000000000e+00
1.724058204963905894e+01
2.369744922537868348e+01
1.646838325479748733e+01
1.985152324199627927e+01
2.356115907611222582e+01
2.595834489099438258e+01
2.064730136852393372e+01
2.523584399648531829e+01
2.356115907611222582e+01
2.307298557696940122e+01
1.317430256413693712e+01
1.985152324199627927e+01
1.733382529456509502e+01
0.000000000000000000e+00
2.111867337680492085e+01
0.000000000000000000e+00
0.000000000000000000e+00
1.624738258724136486e+01
1.948460518519576823e+01
1.792168100993933066e+01
1.985152324199627927e+01
2.618760870122023121e+01
0.000000000000000000e+00
0.000000000000000000e+00
2.111867337680492085e+01
2.435296501110252620e+01
0.000000000000000000e+00
1.546944572539635487e+01
1.985152324199627927e+01
1.317430256413693712e+01
2.032648047208083852e+01
2.355917359314485182e+01
1.646838325479748733e+01
1.643480907167299776e+01
1.902512055092687149e+01
2.356115907611222582e+01
1.624738258724136486e+01
0.000000000000000000e+00
1.658392137141541411e+01
0.000000000000000000e+00
1.902512055092687149e+01
1.646838325479748733e+01
1.957738324929080775e+01
1.565771532684824940e+01
2.032648047208083852e+01
2.034425766419082393e+01
1.739514951073568838e+01
0.000000000000000000e+00
1.624738258724136486e+01
1.515791761118323855e+01
2.034425766419082393e+01
2.064730136852393372e+01
0.000000000000000000e+00
1.690762399585143072e+01
1.515791761118323855e+01
2.654535870232678008e+01
3.784702167142718565e+01
0.000000000000000000e+00
2.546541825479568644e+01
2.848937345143248834e+01
2.587724554704684010e+01
1.966130540922592473e+01
0.000000000000000000e+00
1.646838325479748733e+01
2.546541825479568644e+01
9.221890018960220203e+00
1.381013034777303083e+01
1.052278951273642527e+01
1.119721088765609451e+01
0.000000000000000000e+00
1.165487810572531835e+01
0.000000000000000000e+00
0.000000000000000000e+00
0.000000000000000000e+00
1.119721088765609451e+01
0.000000000000000000e+00
0.000000000000000000e+00
2.650260278793538404e+01
1.535546680724393553e+01
0.000000000000000000e+00
0.000000000000000000e+00
0.000000000000000000e+00
1.710156140259033819e+01
9.754163115775146053e+00
2.008732297143549417e+01
0.000000000000000000e+00
1.246243770323132516e+01
1.535546680724393553e+01
2.857319635153897153e+01
0.000000000000000000e+00
1.318103684694232136e+01
1.407801339872867707e+01
0.000000000000000000e+00
9.700198240701812580e+00
0.000000000000000000e+00
2.260927154650007154e+01
9.700198240701812580e+00
1.106662791259557110e+01
0.000000000000000000e+00
1.120171989779123933e+01
0.000000000000000000e+00
8.853207535901505665e+00
1.638268228850169095e+01
1.068639222544506140e+01
1.246243770323132516e+01
1.120171989779123933e+01
1.233314078403487990e+01
1.088600270058602959e+01
1.052278951273642527e+01
1.259382656492594954e+01
1.233314078403487990e+01
2.260927154650007154e+01
0.000000000000000000e+00
1.749986985165301689e+01
9.301638440208895631e+00
1.119721088765609451e+01
1.119721088765609451e+01
9.754163115775146053e+00
1.137668272044372131e+01
3.524411627994830098e+01
1.171123570089383215e+01
0.000000000000000000e+00
1.729709547115973578e+01
1.944628989371836880e+01
0.000000000000000000e+00
1.710156140259033819e+01
1.578846955213767878e+01
0.000000000000000000e+00
1.354611231020186679e+01
1.119721088765609451e+01
0.000000000000000000e+00
1.014855056206467410e+01
0.000000000000000000e+00
0.000000000000000000e+00
1.702356893848201125e+01
1.293598175790608984e+01
0.000000000000000000e+00
1.106662791259557110e+01
0.000000000000000000e+00
1.944628989371836880e+01
1.120171989779123933e+01
1.226878452009006359e+01
1.749986985165301689e+01
1.264439932584715720e+01
1.125620597948366175e+01
1.106662791259557110e+01
0.000000000000000000e+00
0.000000000000000000e+00
1.218923026220245021e+01
0.000000000000000000e+00
1.759788054650303124e+01
1.924315310645354771e+01
1.152529891040987309e+01
9.221890018960220203e+00
1.759788054650303124e+01
0.000000000000000000e+00
0.000000000000000000e+00
1.710156140259033819e+01
1.333858025164327543e+01
0.000000000000000000e+00
1.369767059238145990e+01
1.749986985165301689e+01
1.024419947480359205e+01
8.853207535901505665e+00
1.729709547115973578e+01
3.725675689144431146e+01
0.000000000000000000e+00
2.742229467811991839e+01
0.000000000000000000e+00
1.874064681481545236e+01
1.878325829679468839e+01
0.000000000000000000e+00
2.309018912602920892e+01
0.000000000000000000e+00
1.762581314321863246e+01
2.549918095782469507e+01
1.762581314321863246e+01
2.437087265766896138e+01
2.437087265766896138e+01
2.309018912602920892e+01
2.309018912602920892e+01
1.804743869836682890e+01
2.030689972447795100e+01
1.728581092061364899e+01
1.915046786673458712e+01
1.804743869836682890e+01
1.888403493465459704e+01
1.951642822391605137e+01
1.804743869836682890e+01
1.728581092061364899e+01
2.091786109615300759e+01
0.000000000000000000e+00
2.093191045966616670e+01
0.000000000000000000e+00
0.000000000000000000e+00
0.000000000000000000e+00
0.000000000000000000e+00
0.000000000000000000e+00
2.168905532265116065e+01
1.949636403297385456e+01
1.787905040096454101e+01
0.000000000000000000e+00
0.000000000000000000e+00
2.782639062517472794e+01
0.000000000000000000e+00
0.000000000000000000e+00
0.000000000000000000e+00
2.413152301997782700e+01
0.000000000000000000e+00
3.017252504525389867e+01
0.000000000000000000e+00
1.730005215062535129e+01
2.127000835162771963e+01
1.949636403297385456e+01
2.446636573475279874e+01
0.000000000000000000e+00
1.730005215062535129e+01
2.099001372492118733e+01
0.000000000000000000e+00
1.874064681481545236e+01
0.000000000000000000e+00
0.000000000000000000e+00
0.000000000000000000e+00
2.480823167852637212e+01
1.730005215062535129e+01
0.000000000000000000e+00
0.000000000000000000e+00
1.787905040096454101e+01
0.000000000000000000e+00
0.000000000000000000e+00
0.000000000000000000e+00
1.787905040096454101e+01
2.695405568842213739e+01
0.000000000000000000e+00
1.951642822391605137e+01
2.265086037912723782e+01
2.093191045966616670e+01
0.000000000000000000e+00
0.000000000000000000e+00
1.730005215062535129e+01
0.000000000000000000e+00
0.000000000000000000e+00
2.636419443100630389e+01
0.000000000000000000e+00
2.548520664630682475e+01
0.000000000000000000e+00
1.878325829679468839e+01
1.886465337727580760e+01
0.000000000000000000e+00
1.704397272962798127e+01
2.265086037912723782e+01
2.446636573475279874e+01
0.000000000000000000e+00
1.951642822391605137e+01
0.000000000000000000e+00
0.000000000000000000e+00
2.438503898784972534e+01
1.728581092061364899e+01
0.000000000000000000e+00
0.000000000000000000e+00
2.794781700816539782e+01
0.000000000000000000e+00
2.332745678653312638e+01
0.000000000000000000e+00
0.000000000000000000e+00
0.000000000000000000e+00
0.000000000000000000e+00
1.357886016274212970e+01
1.507488644228124208e+01
0.000000000000000000e+00
1.624276583393742612e+01
0.000000000000000000e+00
2.184087760656220212e+01
0.000000000000000000e+00
1.773755261793882809e+01
0.000000000000000000e+00
0.000000000000000000e+00
0.000000000000000000e+00
1.621632594644345460e+01
1.615238548955767683e+01
0.000000000000000000e+00
2.868686677278471464e+01
2.149452610428678767e+01
1.645633613048502397e+01
1.277559097760256890e+01
0.000000000000000000e+00
1.597053300806658527e+01
1.564327101199842218e+01
2.142976272029876839e+01
1.516319995880654403e+01
0.000000000000000000e+00
1.516319995880654403e+01
1.582647218507582565e+01
0.000000000000000000e+00
2.206846604774134590e+01
1.996629778771777453e+01
0.000000000000000000e+00
0.000000000000000000e+00
1.406071663365042745e+01
1.357886016274212970e+01
0.000000000000000000e+00
3.315580659458933610e+01
0.000000000000000000e+00
0.000000000000000000e+00
0.000000000000000000e+00
2.024884120247973129e+01
1.507488644228124208e+01
1.748819854423880216e+01
2.314984904138380628e+01
1.406071663365042745e+01
0.000000000000000000e+00
2.405196649757078831e+01
2.430254433549660575e+01
0.000000000000000000e+00
0.000000000000000000e+00
1.694506498752498658e+01
1.357458095802691211e+01
1.277559097760256890e+01
1.357458095802691211e+01
0.000000000000000000e+00
1.531878795013766137e+01
1.558198429591879375e+01
0.000000000000000000e+00
0.000000000000000000e+00
1.549667567630334553e+01
0.000000000000000000e+00
1.621632594644345460e+01
0.000000000000000000e+00
1.443423139146949374e+01
0.000000000000000000e+00
2.024884120247973129e+01
2.184087760656220212e+01
0.000000000000000000e+00
1.582647218507582565e+01
2.080141825925300481e+01
0.000000000000000000e+00
2.024884120247973129e+01
1.398139229202550027e+01
1.621632594644345460e+01
1.697244983460040757e+01
1.361730810758936094e+01
0.000000000000000000e+00
1.366585382717316044e+01
1.879863778022795984e+01
2.024884120247973129e+01
1.662879812085366638e+01
0.000000000000000000e+00
1.419173081421013194e+01
0.000000000000000000e+00
1.357458095802691211e+01
1.748819854423880216e+01
1.407740084173168427e+01
2.184087760656220212e+01
1.668510834973115919e+01
1.925878101431224110e+01
0.000000000000000000e+00
1.672226817712110147e+01
1.631024705467295632e+01
0.000000000000000000e+00
1.925878101431224110e+01
1.710713980998238881e+01
1.406613597744775035e+01
0.000000000000000000e+00
1.778708705302021897e+01
1.665889032215360643e+01
2.048663497035925829e+01
2.560014079461652514e+01
1.981610259958929277e+01
1.989741321399307949e+01
1.800797770050983004e+01
1.864241232958971040e+01
1.670621861118785034e+01
1.738056343025776229e+01
1.753359717457832545e+01
2.584821977981969354e+01
2.661293297275470593e+01
1.665889032215360643e+01
1.769962811796564495e+01
0.000000000000000000e+00
0.000000000000000000e+00
1.769962811796564495e+01
0.000000000000000000e+00
0.000000000000000000e+00
0.000000000000000000e+00
1.800797770050983004e+01
0.000000000000000000e+00
2.584821977981969354e+01
2.040458612218667156e+01
2.167911675984952424e+01
0.000000000000000000e+00
0.000000000000000000e+00
2.661293297275470593e+01
1.733598332156710242e+01
1.980574982709427090e+01
1.989741321399307949e+01
1.503942162896895063e+01
1.864241232958971040e+01
1.406613597744775035e+01
1.723890108310243008e+01
0.000000000000000000e+00
0.000000000000000000e+00
0.000000000000000000e+00
2.280900835352151290e+01
2.040458612218667156e+01
0.000000000000000000e+00
0.000000000000000000e+00
1.864776952091806095e+01
1.619692932598513480e+01
1.487890747387048407e+01
0.000000000000000000e+00
1.731005701067497426e+01
0.000000000000000000e+00
1.526312449162720242e+01
1.800797770050983004e+01
0.000000000000000000e+00
1.774834982324278698e+01
1.503942162896895063e+01
0.000000000000000000e+00
1.665889032215360643e+01
0.000000000000000000e+00
2.584821977981969354e+01
0.000000000000000000e+00
1.853179474172594254e+01
0.000000000000000000e+00
0.000000000000000000e+00
1.994969980382823849e+01
0.000000000000000000e+00
2.550794614406178695e+01
2.056896334522215852e+01
2.309189180853880075e+01
1.619692932598513480e+01
2.449934866242291420e+01
2.726335487431591886e+01
2.056896334522215852e+01
1.831966044246480152e+01
1.546112651116757419e+01
0.000000000000000000e+00
2.661293297275470593e+01
0.000000000000000000e+00
0.000000000000000000e+00
0.000000000000000000e+00
1.800797770050983004e+01
2.449934866242291420e+01
2.579645742775048589e+01
1.874970454722007673e+01
0.000000000000000000e+00
1.619692932598513480e+01
2.041926176979083607e+01
1.344664115452787279e+01
1.487890747387048407e+01
1.670621861118785034e+01
2.550794614406178695e+01
1.344664115452787279e+01
2.314984519421511777e+01
0.000000000000000000e+00
0.000000000000000000e+00
2.224484742138865201e+01
0.000000000000000000e+00
0.000000000000000000e+00
0.000000000000000000e+00
1.962403528955757537e+01
1.635758719060148536e+01
1.962403528955757537e+01
2.082356661064196146e+01
1.979740321319888707e+01
0.000000000000000000e+00
1.559247797532446711e+01
1.457109869581689132e+01
0.000000000000000000e+00
1.429556727185201304e+01
0.000000000000000000e+00
0.000000000000000000e+00
1.420569377318105531e+01
1.438396796032097491e+01
0.000000000000000000e+00
0.000000000000000000e+00
0.000000000000000000e+00
0.000000000000000000e+00
1.256119025119982169e+01
0.000000000000000000e+00
1.979740321319888707e+01
1.461277759863400050e+01
1.254816985132967133e+01
1.631059417409734991e+01
0.000000000000000000e+00
2.064001111583174009e+01
1.559247797532446711e+01
1.420569377318105531e+01
1.979740321319888707e+01
1.635758719060148536e+01
0.000000000000000000e+00
1.979740321319888707e+01
1.781799925640967786e+01
1.254816985132967133e+01
1.781799925640967786e+01
1.254816985132967133e+01
0.000000000000000000e+00
0.000000000000000000e+00
1.420569377318105531e+01
1.962403528955757537e+01
0.000000000000000000e+00
1.420569377318105531e+01
2.072817611273647742e+01
0.000000000000000000e+00
1.457109869581689132e+01
1.445833092044026635e+01
1.255529072055565365e+01
1.445833092044026635e+01
0.000000000000000000e+00
0.000000000000000000e+00
0.000000000000000000e+00
1.463275248311078691e+01
1.494427438016421128e+01
0.000000000000000000e+00
1.445833092044026635e+01
0.000000000000000000e+00
2.195008891615668745e+01
0.000000000000000000e+00
1.461277759863400050e+01
1.254816985132967133e+01
0.000000000000000000e+00
1.635758719060148536e+01
0.000000000000000000e+00
1.763610731901403739e+01
1.979740321319888707e+01
0.000000000000000000e+00
1.380234364234731714e+01
0.000000000000000000e+00
0.000000000000000000e+00
0.000000000000000000e+00
1.425392540244404138e+01
0.000000000000000000e+00
0.000000000000000000e+00
1.256119025119982169e+01
1.467940906683406865e+01
0.000000000000000000e+00
1.494427438016421128e+01
1.979740321319888707e+01
1.810941967407941178e+01
0.000000000000000000e+00
1.494427438016421128e+01
1.801585468717020788e+01
1.342181638360324669e+01
1.801585468717020788e+01
1.494427438016421128e+01
0.000000000000000000e+00
2.082356661064196146e+01
0.000000000000000000e+00
0.000000000000000000e+00
1.962403528955757537e+01
0.000000000000000000e+00
1.494427438016421128e+01
1.494427438016421128e+01
0.000000000000000000e+00
