0.000000000000000000e+00
0.000000000000000000e+00
3.471048771922438192e+01
3.502616683547135779e+01
0.000000000000000000e+00
0.000000000000000000e+00
3.465522735357067319e+01
2.755268075301800224e+01
0.000000000000000000e+00
3.122620695733514040e+01
0.000000000000000000e+00
2.538854344374085414e+01
0.000000000000000000e+00
0.000000000000000000e+00
2.869794951911020675e+01
0.000000000000000000e+00
3.278708926802111989e+01
3.793141925859692520e+01
0.000000000000000000e+00
0.000000000000000000e+00
0.000000000000000000e+00
3.312582760224634626e+01
0.000000000000000000e+00
2.509785668145947923e+01
2.956447903788357578e+01
2.813063616120473753e+01
0.000000000000000000e+00
3.388824535480184608e+01
0.000000000000000000e+00
3.967073754731301705e+01
3.508430333011681768e+01
3.247114434332186050e+01
0.000000000000000000e+00
0.000000000000000000e+00
0.000000000000000000e+00
3.488644994400566901e+01
2.477630946269867351e+01
3.169671721980755663e+01
2.560503515562594146e+01
2.025113247822407914e+01
2.859580891163418315e+01
2.112713898762564213e+01
3.569591221293951122e+01
3.540276137175111160e+01
2.329754709128494738e+01
3.060615249123733861e+01
3.511680852596285263e+01
2.907988844398780159e+01
0.000000000000000000e+00
0.000000000000000000e+00
3.819515907645072161e+01
0.000000000000000000e+00
2.665560166442733703e+01
3.169671721980755663e+01
2.765083507551679176e+01
3.394808708215120419e+01
3.907739397670364667e+01
0.000000000000000000e+00
3.587689897558350083e+01
2.538854344374085414e+01
0.000000000000000000e+00
2.458291828803355727e+01
2.331247363722653532e+01
0.000000000000000000e+00
2.950869774586994865e+01
2.388472372585965786e+01
4.307850539020529368e+01
2.025113247822407914e+01
2.563540533252505327e+01
3.211111761445869206e+01
4.342106220148622242e+01
2.866435870101163630e+01
2.866949481426223656e+01
0.000000000000000000e+00
0.000000000000000000e+00
2.765819703633763638e+01
0.000000000000000000e+00
2.236913863622764609e+01
0.000000000000000000e+00
0.000000000000000000e+00
3.251636266908047190e+01
2.474528825584009439e+01
2.999942903288549445e+01
0.000000000000000000e+00
3.395628238648291841e+01
0.000000000000000000e+00
0.000000000000000000e+00
2.046554432125235223e+01
2.009351038972131676e+01
2.902686143898505478e+01
0.000000000000000000e+00
0.000000000000000000e+00
3.927047283682464496e+01
2.699475944230233537e+01
3.231552725039173168e+01
2.541440507995544351e+01
0.000000000000000000e+00
0.000000000000000000e+00
1.963033622937261669e+01
0.000000000000000000e+00
0.000000000000000000e+00
3.446342232429717711e+01
0.000000000000000000e+00
0.000000000000000000e+00
3.572633144139562233e+01
0.000000000000000000e+00
2.354738333591552646e+01
0.000000000000000000e+00
3.097508483298053505e+01
3.020623972952973091e+01
2.404363002393719384e+01
2.557534917338121616e+01
3.166487799073466292e+01
2.757219420093601769e+01
0.000000000000000000e+00
0.000000000000000000e+00
3.001477168197600776e+01
0.000000000000000000e+00
0.000000000000000000e+00
0.000000000000000000e+00
0.000000000000000000e+00
3.435470983326061400e+01
3.242337901757613139e+01
3.082438670951786719e+01
3.251636266908047190e+01
0.000000000000000000e+00
0.000000000000000000e+00
3.010184437999407336e+01
4.662603284446298346e+01
3.124393260654853677e+01
0.000000000000000000e+00
0.000000000000000000e+00
0.000000000000000000e+00
2.883234441800570735e+01
2.790353067543716392e+01
2.215744583086473085e+01
2.562150644786296994e+01
2.962924573067977363e+01
3.108734124279818900e+01
0.000000000000000000e+00
2.299649273296019203e+01
0.000000000000000000e+00
3.100032597880475294e+01
2.893513885942433106e+01
3.661114965159358547e+01
2.989173709499911169e+01
0.000000000000000000e+00
3.425542701720278416e+01
0.000000000000000000e+00
1.934476903784734958e+01
3.417476609513834518e+01
2.848532017391506344e+01
2.948520413138273000e+01
0.000000000000000000e+00
2.707393441661049138e+01
3.076650656926692662e+01
0.000000000000000000e+00
2.900272139141615924e+01
2.176573293852235835e+01
3.426947847556460403e+01
2.515983202101970662e+01
0.000000000000000000e+00
0.000000000000000000e+00
0.000000000000000000e+00
0.000000000000000000e+00
3.124487319882883796e+01
2.581415845373986073e+01
2.477630946269867351e+01
0.000000000000000000e+00
2.503947898479295375e+01
0.000000000000000000e+00
3.522381416868507387e+01
0.000000000000000000e+00
0.000000000000000000e+00
2.725826923475894148e+01
3.549576286318286122e+01
3.498677205984137828e+01
1.899086387652904051e+01
2.947254798939918885e+01
2.953877071980338087e+01
0.000000000000000000e+00
3.432205419061957485e+01
2.594967483865737989e+01
0.000000000000000000e+00
2.010912205864960001e+01
2.537450871480795911e+01
2.152522550757278097e+01
2.423123647245086332e+01
3.222907404890057848e+01
2.721876503307165862e+01
0.000000000000000000e+00
3.194020700598090912e+01
0.000000000000000000e+00
2.354446128828229945e+01
2.541616443423732719e+01
2.891954799009730337e+01
3.004993641439681085e+01
0.000000000000000000e+00
3.464655812711914962e+01
2.504555131912452381e+01
2.739060315627532916e+01
3.474338724587359195e+01
3.013688658899325290e+01
3.398562116750059658e+01
0.000000000000000000e+00
3.263323522319895176e+01
3.388969304958936846e+01
0.000000000000000000e+00
3.054137944891212086e+01
3.199077152692052550e+01
3.255819121679508044e+01
3.439930498646980794e+01
0.000000000000000000e+00
2.690989983369867034e+01
3.509448421898161286e+01
0.000000000000000000e+00
0.000000000000000000e+00
3.448011219528724780e+01
0.000000000000000000e+00
0.000000000000000000e+00
2.677398787359905796e+01
0.000000000000000000e+00
0.000000000000000000e+00
2.677398787359905796e+01
2.677398787359905796e+01
0.000000000000000000e+00
0.000000000000000000e+00
3.290334485002973253e+01
0.000000000000000000e+00
0.000000000000000000e+00
2.702201159716654644e+01
0.000000000000000000e+00
0.000000000000000000e+00
3.536215858444496973e+01
0.000000000000000000e+00
0.000000000000000000e+00
0.000000000000000000e+00
3.202080345271154016e+01
0.000000000000000000e+00
0.000000000000000000e+00
2.377254590405170376e+01
0.000000000000000000e+00
3.090930045582848251e+01
2.749700714331001095e+01
0.000000000000000000e+00
2.865917730138328423e+01
0.000000000000000000e+00
1.481117536944620738e+01
3.711585508128234068e+01
3.145035378708744744e+01
3.693008775760900875e+01
3.190653517759574598e+01
3.267779427427775829e+01
2.661163490469656523e+01
3.570488677705335334e+01
0.000000000000000000e+00
2.403352441917820315e+01
0.000000000000000000e+00
0.000000000000000000e+00
1.960509335821659249e+01
2.839516408380450585e+01
2.164594072646948675e+01
3.745844886605317470e+01
3.911663043111867921e+01
3.189584675030985039e+01
0.000000000000000000e+00
3.428236258605539888e+01
3.943215975825395958e+01
3.403926988527511810e+01
2.862355639110355909e+01
0.000000000000000000e+00
3.652469932339252523e+01
0.000000000000000000e+00
3.447986896011941838e+01
0.000000000000000000e+00
2.692827106244450874e+01
1.695491594978200922e+01
2.840343458237028784e+01
0.000000000000000000e+00
3.773679265937010285e+01
3.183121313507705352e+01
0.000000000000000000e+00
2.735882473635281542e+01
0.000000000000000000e+00
0.000000000000000000e+00
3.763816625789981885e+01
2.359977490947685297e+01
3.653228191248734902e+01
3.447986896011941838e+01
2.622380408132185181e+01
2.952395243967124472e+01
0.000000000000000000e+00
2.223086188509539696e+01
3.602278007267847215e+01
3.070821502784884061e+01
3.798019175114139756e+01
3.670138421630659309e+01
0.000000000000000000e+00
0.000000000000000000e+00
0.000000000000000000e+00
2.936121800156510631e+01
0.000000000000000000e+00
0.000000000000000000e+00
2.411893172948368402e+01
3.722954178053360152e+01
3.083791738910513658e+01
0.000000000000000000e+00
0.000000000000000000e+00
0.000000000000000000e+00
0.000000000000000000e+00
2.799769368204314901e+01
3.475887331362774546e+01
3.190067332969746161e+01
3.119619472567283225e+01
2.428204622350609654e+01
3.801331844914536617e+01
2.966170790819140279e+01
0.000000000000000000e+00
3.061254123333753085e+01
0.000000000000000000e+00
3.364906663421452748e+01
0.000000000000000000e+00
0.000000000000000000e+00
0.000000000000000000e+00
4.001167218803504255e+01
2.757219420093601769e+01
0.000000000000000000e+00
3.000326922823934339e+01
3.619553819634541014e+01
3.036368812155122043e+01
0.000000000000000000e+00
3.673596253541821000e+01
4.190478357031150836e+01
0.000000000000000000e+00
3.127557734721793636e+01
3.224419933093862767e+01
0.000000000000000000e+00
3.886900627555001364e+01
1.330450660169711874e+01
3.528067287501428240e+01
3.458397789680013545e+01
0.000000000000000000e+00
2.911670453685855620e+01
0.000000000000000000e+00
3.750031088172173810e+01
3.145895560493397269e+01
0.000000000000000000e+00
3.289599252214841130e+01
0.000000000000000000e+00
0.000000000000000000e+00
0.000000000000000000e+00
0.000000000000000000e+00
2.894537944104539307e+01
0.000000000000000000e+00
2.197677386844738123e+01
2.530574153265276394e+01
0.000000000000000000e+00
1.269019972468380075e+01
0.000000000000000000e+00
4.046521157157688720e+01
0.000000000000000000e+00
3.109342991219208230e+01
0.000000000000000000e+00
0.000000000000000000e+00
2.571690097904895467e+01
0.000000000000000000e+00
0.000000000000000000e+00
3.637555794968392320e+01
3.673458805060224819e+01
3.544879125234194106e+01
0.000000000000000000e+00
2.212226307944498060e+01
4.365780320145610460e+01
2.790005040558380855e+01
0.000000000000000000e+00
0.000000000000000000e+00
3.196060518547534812e+01
3.724669276385845507e+01
1.893023818054140150e+01
4.018842736601721555e+01
0.000000000000000000e+00
3.427179851219584350e+01
3.034974354768298710e+01
0.000000000000000000e+00
0.000000000000000000e+00
1.644061311977264594e+01
3.231607966930054943e+01
2.810715164239677932e+01
3.212747251341468768e+01
0.000000000000000000e+00
3.333764862751513647e+01
3.204594580120314617e+01
4.552438254422108344e+01
3.489533600481005493e+01
0.000000000000000000e+00
4.007816286813845608e+01
4.052699782078326507e+01
2.631803806599136308e+01
3.665584538684329630e+01
3.746458820733335671e+01
0.000000000000000000e+00
3.645506354548463435e+01
0.000000000000000000e+00
0.000000000000000000e+00
0.000000000000000000e+00
0.000000000000000000e+00
2.869137483735789118e+01
3.462096670370356577e+01
2.506293215487148984e+01
2.979540231865870936e+01
0.000000000000000000e+00
3.650646355602052040e+01
0.000000000000000000e+00
0.000000000000000000e+00
3.557895435223215230e+01
0.000000000000000000e+00
2.501704845035119362e+01
3.626285935583842956e+01
3.216504435116551974e+01
3.736631105765951588e+01
2.793717832726834871e+01
2.455871240155520852e+01
0.000000000000000000e+00
3.008206233047825506e+01
0.000000000000000000e+00
0.000000000000000000e+00
3.547750168205845966e+01
0.000000000000000000e+00
0.000000000000000000e+00
0.000000000000000000e+00
4.021158016465185625e+01
3.304101978356346336e+01
3.339812231735081127e+01
0.000000000000000000e+00
3.321950247184460636e+01
0.000000000000000000e+00
2.909285519614168791e+01
0.000000000000000000e+00
0.000000000000000000e+00
0.000000000000000000e+00
0.000000000000000000e+00
1.911099588623097034e+01
3.401353350435645240e+01
0.000000000000000000e+00
3.806697993984267470e+01
2.066673743521274176e+01
0.000000000000000000e+00
0.000000000000000000e+00
0.000000000000000000e+00
0.000000000000000000e+00
3.681164409699272255e+01
3.138351314782852697e+01
0.000000000000000000e+00
3.662121875712176688e+01
0.000000000000000000e+00
0.000000000000000000e+00
2.991109592598016320e+01
3.703341423297052870e+01
3.316452124798773582e+01
2.818019057042111086e+01
0.000000000000000000e+00
0.000000000000000000e+00
0.000000000000000000e+00
0.000000000000000000e+00
4.029103332187099085e+01
2.544681562245164841e+01
0.000000000000000000e+00
0.000000000000000000e+00
2.739574306605440768e+01
3.048221784290480940e+01
3.048221784290480940e+01
2.829104448160980922e+01
3.392253565981415164e+01
2.066673743521274176e+01
3.911910125674319261e+01
2.924648579854847341e+01
0.000000000000000000e+00
0.000000000000000000e+00
0.000000000000000000e+00
0.000000000000000000e+00
0.000000000000000000e+00
0.000000000000000000e+00
3.408769221069595545e+01
3.973407716158759229e+01
0.000000000000000000e+00
0.000000000000000000e+00
2.996543086443293191e+01
2.803290786958560332e+01
3.330918858582371911e+01
3.639812866298221650e+01
0.000000000000000000e+00
0.000000000000000000e+00
2.681104132958912700e+01
3.229852718597442163e+01
3.236466647407091557e+01
0.000000000000000000e+00
3.551737159800961763e+01
0.000000000000000000e+00
0.000000000000000000e+00
0.000000000000000000e+00
0.000000000000000000e+00
3.761325379544907577e+01
0.000000000000000000e+00
3.216933437843699295e+01
3.725700218597175706e+01
0.000000000000000000e+00
0.000000000000000000e+00
3.299938064167104557e+01
5.222301369366882540e+01
0.000000000000000000e+00
0.000000000000000000e+00
0.000000000000000000e+00
3.106413262242812934e+01
0.000000000000000000e+00
4.055467844712696035e+01
0.000000000000000000e+00
3.811197588507502587e+01
2.932049560654144216e+01
4.225542754694689762e+01
3.816681332526384551e+01
0.000000000000000000e+00
2.967742512242626418e+01
3.012953583217876741e+01
0.000000000000000000e+00
2.394839250318382540e+01
0.000000000000000000e+00
2.984767705981640518e+01
3.958438736338487018e+01
0.000000000000000000e+00
3.006932017064410090e+01
2.828091096882519651e+01
4.099785071565841577e+01
3.017739811462987021e+01
2.942897628075193950e+01
3.179800484957987550e+01
0.000000000000000000e+00
3.069828280784348351e+01
0.000000000000000000e+00
0.000000000000000000e+00
0.000000000000000000e+00
2.572006121928256306e+01
3.494495548645834049e+01
3.681022614127396508e+01
2.778739777272886258e+01
3.359745650637068337e+01
3.982857894149768185e+01
2.501704845035119362e+01
0.000000000000000000e+00
3.630832489393767304e+01
3.032302424977763167e+01
3.535025561369153024e+01
0.000000000000000000e+00
2.039863812896096817e+01
0.000000000000000000e+00
0.000000000000000000e+00
2.650323933695736756e+01
3.269384510343232364e+01
2.551734636112546539e+01
4.036758551639062631e+01
4.011355071622799073e+01
4.130100115923551130e+01
0.000000000000000000e+00
3.147670999498413735e+01
3.198337528155052567e+01
0.000000000000000000e+00
3.002038836492173601e+01
2.227628455481820069e+01
0.000000000000000000e+00
2.351700492750125804e+01
2.436461272719525795e+01
1.941631343170553947e+01
4.147480523476660608e+01
3.752212376932858007e+01
2.707201390149971942e+01
3.297604684243155759e+01
3.983282192073114913e+01
0.000000000000000000e+00
3.140659419265646335e+01
0.000000000000000000e+00
2.805962780452911431e+01
3.542222481779599264e+01
0.000000000000000000e+00
3.731935185332348937e+01
3.481635685496374322e+01
3.118865273843375618e+01
0.000000000000000000e+00
2.157900989425337812e+01
0.000000000000000000e+00
0.000000000000000000e+00
3.038551779578630985e+01
3.318344214040743623e+01
0.000000000000000000e+00
0.000000000000000000e+00
2.429304634197691470e+01
2.510272990735311893e+01
2.728242969516314886e+01
0.000000000000000000e+00
0.000000000000000000e+00
0.000000000000000000e+00
3.878094544581090730e+01
3.686301625614156308e+01
0.000000000000000000e+00
2.447650914164473690e+01
0.000000000000000000e+00
2.583962644199669256e+01
2.847787239426542527e+01
0.000000000000000000e+00
3.155897749800514518e+01
0.000000000000000000e+00
3.464775497148750105e+01
3.898250201706399309e+01
3.542044034170105959e+01
2.463484703408136411e+01
3.316644739318806501e+01
2.669109254177024582e+01
2.927372942371329856e+01
0.000000000000000000e+00
0.000000000000000000e+00
0.000000000000000000e+00
0.000000000000000000e+00
2.730134243074921585e+01
0.000000000000000000e+00
3.085168961438119339e+01
0.000000000000000000e+00
3.677617745640758073e+01
0.000000000000000000e+00
0.000000000000000000e+00
0.000000000000000000e+00
3.243861498618623784e+01
0.000000000000000000e+00
2.487236671386298426e+01
2.390207804724813911e+01
1.988691562331021601e+01
0.000000000000000000e+00
0.000000000000000000e+00
0.000000000000000000e+00
2.942831758959848898e+01
3.545386778747949563e+01
3.355048690079666329e+01
2.774865139488879606e+01
2.859858119098561602e+01
3.464775497148750105e+01
2.940711530948963315e+01
4.088418914212889632e+01
2.934930733088343047e+01
0.000000000000000000e+00
0.000000000000000000e+00
3.469712397981901120e+01
3.362438519134254733e+01
0.000000000000000000e+00
2.584233318793182832e+01
3.525117971484714730e+01
0.000000000000000000e+00
2.960954668974893167e+01
3.105184122662691237e+01
2.999869957502552609e+01
2.782392805482479758e+01
2.291379955611678199e+01
0.000000000000000000e+00
0.000000000000000000e+00
3.547886718683788843e+01
3.549611271123242062e+01
2.986768783162188257e+01
0.000000000000000000e+00
0.000000000000000000e+00
3.002038836492173601e+01
0.000000000000000000e+00
1.893225953940579487e+01
2.361502274848995597e+01
0.000000000000000000e+00
3.868863925202104781e+01
2.401164031062048920e+01
0.000000000000000000e+00
0.000000000000000000e+00
2.600548726224554841e+01
0.000000000000000000e+00
3.433345008875461701e+01
3.078691742170974521e+01
3.517518922196203590e+01
3.047009325410880010e+01
2.565896479519051354e+01
0.000000000000000000e+00
0.000000000000000000e+00
2.996954992090401504e+01
3.159116265176410110e+01
3.863502291574835112e+01
3.661098246048371863e+01
3.568910271260359224e+01
0.000000000000000000e+00
3.524243343928716854e+01
3.556117481975243066e+01
0.000000000000000000e+00
2.716482387471434379e+01
3.000525219800480770e+01
3.682384173512159720e+01
3.728482358753555559e+01
4.268868064447031685e+01
0.000000000000000000e+00
3.756441224789696776e+01
3.741353399718983752e+01
4.223543121882491391e+01
3.951176128750962135e+01
4.315037883051952861e+01
2.817939978401626888e+01
3.684274709752968135e+01
3.527536044244490654e+01
3.112415867069868014e+01
1.966778564344226865e+01
0.000000000000000000e+00
3.822836902957993033e+01
0.000000000000000000e+00
0.000000000000000000e+00
3.842698877799113433e+01
3.703842731233365271e+01
0.000000000000000000e+00
0.000000000000000000e+00
3.630085031698722275e+01
3.815632117798528355e+01
3.619547163835004966e+01
2.143167164865233332e+01
0.000000000000000000e+00
3.406354137700329687e+01
2.650161073893574581e+01
2.718150659935235325e+01
0.000000000000000000e+00
3.188425188926306220e+01
0.000000000000000000e+00
3.298094160611239545e+01
3.015707843642810815e+01
0.000000000000000000e+00
0.000000000000000000e+00
3.522012377244165293e+01
0.000000000000000000e+00
3.410805148034410905e+01
1.801228459888775291e+01
2.490193822146160585e+01
3.040125271842757826e+01
3.198516710982985956e+01
2.626924772436510835e+01
3.215951801460726500e+01
3.403485945702561821e+01
3.154898969628477445e+01
3.100898245872516057e+01
0.000000000000000000e+00
3.661114965159358547e+01
3.488867219614434134e+01
0.000000000000000000e+00
3.465002524418093088e+01
3.808234240042426677e+01
4.031967941554805179e+01
3.616487075665505557e+01
3.139039954655943987e+01
0.000000000000000000e+00
3.601680143220369246e+01
2.948520413138273000e+01
0.000000000000000000e+00
3.348006123682855417e+01
3.124911566120044526e+01
3.437656040301905591e+01
3.368098788903509444e+01
3.345235060316375808e+01
3.555399064041979784e+01
0.000000000000000000e+00
0.000000000000000000e+00
2.818595525928130741e+01
2.388472372585965786e+01
3.609436687122440190e+01
0.000000000000000000e+00
3.501825550388836206e+01
3.193713748408116615e+01
3.331051236838182916e+01
0.000000000000000000e+00
3.562726274239783919e+01
3.627643878791420207e+01
3.565976552535197186e+01
2.563540533252505327e+01
4.183366641452546020e+01
2.975734668548686201e+01
0.000000000000000000e+00
2.997859864936418006e+01
3.538114761135965125e+01
3.090830753497868955e+01
0.000000000000000000e+00
3.493656224163893143e+01
0.000000000000000000e+00
2.680083303992713439e+01
0.000000000000000000e+00
3.057983318173241472e+01
0.000000000000000000e+00
0.000000000000000000e+00
0.000000000000000000e+00
0.000000000000000000e+00
3.664900797521698195e+01
3.436192132404299571e+01
0.000000000000000000e+00
0.000000000000000000e+00
2.151280949558844569e+01
3.196723128970657513e+01
0.000000000000000000e+00
0.000000000000000000e+00
3.061069951491608876e+01
3.556038233403980797e+01
3.282167008855910950e+01
0.000000000000000000e+00
3.315515240607600589e+01
1.832376689197660014e+01
2.617757222392722838e+01
0.000000000000000000e+00
2.842890840262181484e+01
3.036460818183592281e+01
2.780305860716697097e+01
0.000000000000000000e+00
2.390204466046793996e+01
3.617008669715813340e+01
2.069798416883582348e+01
3.667258535225865757e+01
3.622762081488345132e+01
3.343260583354891935e+01
3.278705038930510796e+01
0.000000000000000000e+00
3.235283401646344004e+01
0.000000000000000000e+00
3.799615456658561641e+01
0.000000000000000000e+00
3.670957103406779964e+01
0.000000000000000000e+00
3.032967992003388602e+01
3.121818076314584900e+01
0.000000000000000000e+00
0.000000000000000000e+00
0.000000000000000000e+00
0.000000000000000000e+00
3.093972603830313872e+01
0.000000000000000000e+00
3.303856601178041075e+01
3.572230864538326500e+01
0.000000000000000000e+00
0.000000000000000000e+00
0.000000000000000000e+00
0.000000000000000000e+00
2.862011436268329234e+01
3.818430867359806058e+01
3.282070738100000540e+01
2.680083303992713439e+01
0.000000000000000000e+00
0.000000000000000000e+00
3.005221265698183331e+01
2.707393441661049138e+01
0.000000000000000000e+00
3.121818076314584900e+01
3.050454709117972385e+01
0.000000000000000000e+00
3.641414728950362445e+01
3.446404306771172799e+01
3.670759281278626673e+01
0.000000000000000000e+00
3.594846744705795061e+01
0.000000000000000000e+00
2.819035019581326651e+01
3.476598604548451021e+01
3.064584428926051629e+01
2.919910710079698291e+01
3.263089057950039518e+01
0.000000000000000000e+00
0.000000000000000000e+00
4.064668038819798568e+01
3.348472906509151414e+01
2.955022821286765478e+01
0.000000000000000000e+00
0.000000000000000000e+00
2.702679963301700639e+01
2.575933387010562470e+01
0.000000000000000000e+00
3.656899739491760926e+01
2.819035019581326651e+01
0.000000000000000000e+00
2.850897833253025482e+01
0.000000000000000000e+00
3.251636266908047190e+01
0.000000000000000000e+00
0.000000000000000000e+00
3.732619748321796038e+01
3.298522963939122121e+01
3.035714602746963919e+01
2.546764233884269046e+01
0.000000000000000000e+00
0.000000000000000000e+00
3.004719866159154407e+01
0.000000000000000000e+00
0.000000000000000000e+00
0.000000000000000000e+00
3.152385193395962304e+01
0.000000000000000000e+00
0.000000000000000000e+00
3.795104334542234170e+01
0.000000000000000000e+00
0.000000000000000000e+00
3.545735010323141978e+01
3.299815006604240608e+01
3.105340580328114086e+01
0.000000000000000000e+00
0.000000000000000000e+00
0.000000000000000000e+00
0.000000000000000000e+00
3.152532376278346860e+01
3.106388322249002698e+01
0.000000000000000000e+00
0.000000000000000000e+00
3.375836484897316581e+01
0.000000000000000000e+00
3.149756328435587704e+01
2.798627622765105727e+01
3.865484567794473492e+01
2.930836461682967453e+01
2.842509023718405814e+01
2.825163886241062272e+01
2.910433412463909164e+01
2.772064975190862768e+01
3.120282979333266127e+01
2.926539039615279592e+01
0.000000000000000000e+00
3.505944487200039816e+01
3.441829964771941519e+01
2.752864215582386009e+01
2.790804838166031843e+01
3.366438214934494511e+01
2.268334436926108566e+01
0.000000000000000000e+00
0.000000000000000000e+00
3.600938680169026185e+01
3.228060466911602333e+01
3.448490436048195562e+01
3.243236548739447755e+01
0.000000000000000000e+00
0.000000000000000000e+00
2.932754285035128561e+01
3.100898245872516057e+01
0.000000000000000000e+00
0.000000000000000000e+00
2.707393441661049138e+01
0.000000000000000000e+00
3.294992584753187259e+01
3.237454367135899247e+01
0.000000000000000000e+00
0.000000000000000000e+00
4.268456155593736412e+01
3.170078570859551448e+01
0.000000000000000000e+00
4.044883012316583404e+01
0.000000000000000000e+00
0.000000000000000000e+00
3.168236496511866918e+01
3.884698397979353501e+01
0.000000000000000000e+00
3.458397789680013545e+01
3.564217121740262684e+01
2.626924772436510835e+01
3.751555239493213634e+01
2.680083303992713439e+01
3.243263813556963981e+01
3.651388400583830673e+01
3.493656224163893143e+01
0.000000000000000000e+00
0.000000000000000000e+00
2.884950832083179861e+01
3.441829964771941519e+01
4.083150352759515300e+01
3.612614761754089443e+01
0.000000000000000000e+00
0.000000000000000000e+00
3.773123232271483118e+01
3.469189784766216178e+01
3.362818643913096395e+01
0.000000000000000000e+00
0.000000000000000000e+00
3.734980071466166152e+01
3.251664724331129719e+01
2.548207056991432751e+01
3.460563262457506539e+01
0.000000000000000000e+00
0.000000000000000000e+00
3.980185261728546209e+01
3.274992387764256563e+01
3.238620643744523164e+01
4.451016252594160250e+01
3.748271439679334094e+01
0.000000000000000000e+00
2.757514170528278896e+01
0.000000000000000000e+00
0.000000000000000000e+00
0.000000000000000000e+00
2.568254089423614417e+01
0.000000000000000000e+00
2.575864535042125780e+01
3.352347144777060350e+01
3.331178167487778552e+01
3.188554309166825362e+01
3.432610503923535106e+01
0.000000000000000000e+00
3.967258388085279108e+01
4.088220842053252113e+01
0.000000000000000000e+00
0.000000000000000000e+00
0.000000000000000000e+00
3.820411890616302486e+01
3.472306746095815555e+01
0.000000000000000000e+00
2.647708926967077048e+01
0.000000000000000000e+00
3.692368342694761196e+01
3.569971723128657004e+01
3.541317335724995985e+01
0.000000000000000000e+00
3.665680203034757767e+01
3.767330560038502085e+01
3.292105897480647059e+01
0.000000000000000000e+00
4.112089584606880521e+01
0.000000000000000000e+00
0.000000000000000000e+00
3.238620643744523164e+01
3.188425188926306220e+01
0.000000000000000000e+00
3.606069026915946552e+01
3.184323866201840403e+01
0.000000000000000000e+00
3.820888189373489752e+01
3.425409196609839313e+01
3.356899461770530024e+01
3.219066089348828541e+01
0.000000000000000000e+00
3.861829451147219316e+01
3.771208702659075129e+01
3.511246210616411645e+01
0.000000000000000000e+00
0.000000000000000000e+00
3.256119721638011555e+01
3.722984452482842244e+01
3.275703937393354437e+01
0.000000000000000000e+00
1.905273009702894527e+01
2.253032259499053325e+01
0.000000000000000000e+00
0.000000000000000000e+00
3.745844886605317470e+01
3.458657463993922221e+01
3.215167969818455163e+01
2.801398558565058394e+01
3.134946129419578753e+01
3.673596253541821000e+01
2.953877071980338087e+01
2.855662782952183676e+01
0.000000000000000000e+00
0.000000000000000000e+00
0.000000000000000000e+00
2.716482387471434379e+01
0.000000000000000000e+00
2.975734668548686201e+01
3.098341063493444025e+01
3.047454949298889915e+01
3.171911772842900135e+01
3.853256486214047527e+01
3.956878356905386340e+01
2.735991803715209159e+01
3.840454351716513060e+01
0.000000000000000000e+00
0.000000000000000000e+00
2.943448280921203875e+01
0.000000000000000000e+00
0.000000000000000000e+00
3.223217267008984521e+01
0.000000000000000000e+00
1.682657013513524902e+01
0.000000000000000000e+00
0.000000000000000000e+00
0.000000000000000000e+00
3.471483870271800498e+01
3.798019175114139756e+01
1.924056080470592534e+01
3.121939524945550204e+01
0.000000000000000000e+00
2.176573293852235835e+01
0.000000000000000000e+00
0.000000000000000000e+00
3.671711626794223804e+01
0.000000000000000000e+00
0.000000000000000000e+00
3.365424470566008353e+01
4.021837897646682336e+01
0.000000000000000000e+00
3.464775497148750105e+01
3.171911772842900135e+01
3.666835535815357616e+01
3.986359197753500894e+01
3.777562795595145673e+01
3.145706937414525228e+01
3.686277180520168173e+01
4.020540554644942688e+01
0.000000000000000000e+00
0.000000000000000000e+00
0.000000000000000000e+00
3.365424470566008353e+01
3.464258720762060761e+01
3.572927471960831269e+01
3.689282261087149806e+01
3.797001468362348930e+01
3.733798768224411901e+01
0.000000000000000000e+00
0.000000000000000000e+00
3.998195239082749453e+01
3.564756612426175764e+01
3.177550640195003950e+01
0.000000000000000000e+00
2.615571076923662375e+01
0.000000000000000000e+00
3.099490688067142230e+01
0.000000000000000000e+00
3.602912793987707829e+01
3.203233841777436908e+01
2.615571076923662375e+01
3.049243360524095792e+01
3.630586002174114668e+01
0.000000000000000000e+00
3.423856682344475644e+01
0.000000000000000000e+00
0.000000000000000000e+00
3.080935141640285124e+01
0.000000000000000000e+00
3.290546757513615006e+01
3.674854753451055700e+01
3.568910271260359224e+01
3.387142250742303418e+01
3.968920832088765138e+01
3.465522735357067319e+01
0.000000000000000000e+00
3.049243360524095792e+01
2.994588610016982244e+01
0.000000000000000000e+00
0.000000000000000000e+00
0.000000000000000000e+00
0.000000000000000000e+00
0.000000000000000000e+00
3.320233074343641277e+01
2.953069070803422136e+01
3.668043431323985004e+01
3.039121927063840189e+01
0.000000000000000000e+00
3.144241355392107096e+01
3.565393962570337294e+01
3.564756612426175764e+01
0.000000000000000000e+00
2.795591258453737993e+01
2.474290629700678679e+01
2.265045373563558329e+01
2.265045373563558329e+01
2.584652434181517222e+01
3.297072403854775047e+01
0.000000000000000000e+00
3.433017757824075034e+01
2.905404438367891018e+01
0.000000000000000000e+00
0.000000000000000000e+00
3.693008775760900875e+01
0.000000000000000000e+00
0.000000000000000000e+00
3.008573552833052034e+01
0.000000000000000000e+00
3.190507765188754874e+01
0.000000000000000000e+00
3.777969915924951749e+01
2.715748959800208695e+01
2.915750531746551033e+01
0.000000000000000000e+00
4.200207798113444824e+01
2.873162921147178039e+01
3.502766152754229978e+01
0.000000000000000000e+00
0.000000000000000000e+00
2.381779836680303930e+01
3.082740135515730273e+01
2.298607389966892001e+01
2.827632960096882897e+01
3.539054026227409366e+01
2.341872229321492682e+01
2.408484983493845633e+01
3.506538309402996845e+01
3.943197161190623490e+01
3.816293031295082017e+01
0.000000000000000000e+00
3.014014587057183192e+01
2.669181151874472491e+01
0.000000000000000000e+00
3.693008775760900875e+01
0.000000000000000000e+00
3.673596253541821000e+01
0.000000000000000000e+00
0.000000000000000000e+00
0.000000000000000000e+00
0.000000000000000000e+00
0.000000000000000000e+00
0.000000000000000000e+00
3.463529576418609679e+01
2.857934127621204468e+01
2.445043335297694753e+01
3.846335800534743043e+01
1.988903641215139118e+01
0.000000000000000000e+00
2.244574398530058801e+01
2.128024556256218958e+01
2.556523055959392821e+01
0.000000000000000000e+00
0.000000000000000000e+00
3.502766152754229978e+01
0.000000000000000000e+00
0.000000000000000000e+00
3.433621346573794142e+01
0.000000000000000000e+00
3.943197161190623490e+01
3.317138838313038463e+01
3.943197161190623490e+01
2.573028493579506204e+01
3.889793194414919952e+01
2.485366845977138084e+01
3.426976766128468910e+01
2.553735489989498575e+01
0.000000000000000000e+00
1.648171530223961767e+01
0.000000000000000000e+00
3.306798292071346879e+01
0.000000000000000000e+00
2.761692600995658964e+01
0.000000000000000000e+00
0.000000000000000000e+00
0.000000000000000000e+00
3.271888361678328039e+01
0.000000000000000000e+00
3.632051373587719212e+01
3.579330505023999365e+01
0.000000000000000000e+00
0.000000000000000000e+00
2.827632960096882897e+01
0.000000000000000000e+00
0.000000000000000000e+00
2.941493685662489810e+01
3.081702085225503396e+01
2.213790583461138795e+01
0.000000000000000000e+00
0.000000000000000000e+00
2.180633874749458556e+01
2.857945228753055034e+01
2.827341899957936633e+01
3.585440945021611014e+01
0.000000000000000000e+00
2.588254110820820486e+01
0.000000000000000000e+00
2.481691270615498723e+01
2.729706795413728670e+01
1.399827653250837756e+01
4.299657456729395477e+01
3.917617025169201384e+01
0.000000000000000000e+00
0.000000000000000000e+00
0.000000000000000000e+00
3.198512214083528704e+01
1.916142363508992474e+01
0.000000000000000000e+00
3.622158810211264068e+01
2.098460961116060375e+01
2.633460594787569420e+01
3.058498383523975406e+01
3.370656355157657202e+01
0.000000000000000000e+00
2.613076541648756645e+01
3.577023010758578181e+01
0.000000000000000000e+00
0.000000000000000000e+00
0.000000000000000000e+00
0.000000000000000000e+00
3.341765399681256099e+01
3.737415339497409406e+01
3.331263908043693078e+01
3.856675836550913772e+01
3.401920912722312096e+01
3.618036073892987758e+01
0.000000000000000000e+00
3.019745980096780258e+01
3.401920912722312096e+01
3.741652592139438127e+01
3.954232656112062472e+01
3.471249268914883146e+01
0.000000000000000000e+00
0.000000000000000000e+00
3.014014587057183192e+01
3.341649116098401606e+01
1.893992217246274024e+01
0.000000000000000000e+00
0.000000000000000000e+00
0.000000000000000000e+00
3.533715978934511526e+01
1.439525481857423372e+01
0.000000000000000000e+00
0.000000000000000000e+00
0.000000000000000000e+00
2.411893172948368402e+01
3.570242106074064736e+01
0.000000000000000000e+00
3.599214372070768064e+01
1.199793627706374366e+01
2.628602546043644494e+01
0.000000000000000000e+00
0.000000000000000000e+00
3.184038531606832478e+01
3.498782476917137529e+01
2.696705525095224232e+01
2.702201159716654644e+01
3.098200031704609003e+01
3.434097708395000126e+01
3.388094133115269813e+01
2.155651022924321580e+01
1.404419986206658066e+01
2.546758778117224153e+01
0.000000000000000000e+00
2.393182829238150333e+01
0.000000000000000000e+00
0.000000000000000000e+00
1.265034708810241249e+01
3.169901303937743720e+01
0.000000000000000000e+00
3.519192937049466252e+01
0.000000000000000000e+00
2.548207056991432751e+01
0.000000000000000000e+00
0.000000000000000000e+00
2.282738500365711332e+01
2.645553632539888156e+01
0.000000000000000000e+00
2.337262384476883526e+01
3.744585580802817049e+01
0.000000000000000000e+00
3.475725915845462310e+01
3.614099297013864032e+01
3.000885760846126971e+01
0.000000000000000000e+00
3.626285935583842956e+01
0.000000000000000000e+00
3.093252093311083684e+01
3.492835012808391326e+01
2.622277001315897493e+01
0.000000000000000000e+00
0.000000000000000000e+00
2.760303558325596995e+01
4.895340533839668495e+01
3.552761555220995859e+01
3.303385371179676611e+01
3.835032593659161648e+01
3.656899739491760926e+01
2.615571076923662375e+01
2.308721573149906803e+01
0.000000000000000000e+00
2.232920966677354357e+01
3.695626722653425844e+01
3.480064297443853150e+01
2.942163359283581769e+01
4.278794919802079733e+01
0.000000000000000000e+00
3.859769612920420201e+01
0.000000000000000000e+00
3.440355490664834548e+01
0.000000000000000000e+00
3.671711626794223804e+01
3.716714885330508622e+01
0.000000000000000000e+00
3.694996347524595848e+01
0.000000000000000000e+00
0.000000000000000000e+00
3.425053480791446248e+01
3.925654076073836762e+01
1.893992217246274024e+01
0.000000000000000000e+00
3.774875929579183520e+01
0.000000000000000000e+00
0.000000000000000000e+00
2.990495397727909221e+01
0.000000000000000000e+00
2.959822200489823985e+01
3.490358770605691774e+01
0.000000000000000000e+00
0.000000000000000000e+00
3.064968085192512959e+01
2.798883225166262534e+01
0.000000000000000000e+00
0.000000000000000000e+00
3.446404306771172799e+01
0.000000000000000000e+00
2.976483780972175452e+01
3.262948178701154944e+01
3.334630297962694101e+01
3.436348419297427625e+01
2.589854945659581986e+01
0.000000000000000000e+00
2.954566318692174320e+01
3.447450356605369137e+01
3.753259998369939865e+01
3.410308288478179151e+01
3.243263813556963981e+01
0.000000000000000000e+00
3.613899227143315329e+01
0.000000000000000000e+00
2.930836461682967453e+01
0.000000000000000000e+00
0.000000000000000000e+00
3.811811894152153002e+01
2.222573268884949726e+01
2.818595525928130741e+01
0.000000000000000000e+00
0.000000000000000000e+00
0.000000000000000000e+00
3.748650087873119219e+01
3.091387898678569357e+01
0.000000000000000000e+00
3.054109257262555133e+01
2.813080311337205686e+01
2.950834631158028287e+01
3.217150768714407150e+01
0.000000000000000000e+00
0.000000000000000000e+00
0.000000000000000000e+00
0.000000000000000000e+00
0.000000000000000000e+00
3.157884545625858053e+01
3.711162723778838313e+01
0.000000000000000000e+00
3.649606563362274159e+01
2.953198262583632072e+01
1.436778002010892941e+01
2.746694461805962462e+01
2.569255947633171644e+01
3.416600434462755231e+01
0.000000000000000000e+00
3.195458893673137624e+01
3.803440376090276942e+01
0.000000000000000000e+00
0.000000000000000000e+00
0.000000000000000000e+00
0.000000000000000000e+00
2.694241393902298398e+01
0.000000000000000000e+00
3.331178167487778552e+01
2.885064090908285550e+01
2.700978534417189536e+01
3.432707420361683859e+01
3.286161861092320891e+01
3.271667743942659712e+01
3.154092579937331919e+01
1.811651651991889267e+01
3.482555263946021284e+01
3.932471143286424820e+01
0.000000000000000000e+00
0.000000000000000000e+00
0.000000000000000000e+00
1.330450660169711874e+01
1.198825567720749774e+01
2.763140751804284179e+01
3.459935817898583110e+01
3.046820707928180028e+01
2.983764333897367038e+01
0.000000000000000000e+00
0.000000000000000000e+00
3.361948223246962897e+01
3.087707611149151532e+01
0.000000000000000000e+00
2.474091597202378168e+01
2.957980212808293174e+01
0.000000000000000000e+00
0.000000000000000000e+00
3.658598697595940052e+01
1.642285438600985614e+01
0.000000000000000000e+00
2.589986021539590766e+01
3.508656646382000588e+01
3.587471368698152929e+01
3.014624391135197712e+01
2.426491417431635611e+01
2.574537001430820027e+01
0.000000000000000000e+00
2.896854328899508602e+01
0.000000000000000000e+00
2.315229485904552931e+01
2.464897660873125673e+01
3.349019048384416664e+01
0.000000000000000000e+00
2.406931481412469864e+01
2.580924828582798014e+01
2.502463168783758363e+01
2.323814846778298815e+01
0.000000000000000000e+00
0.000000000000000000e+00
0.000000000000000000e+00
2.474091597202378168e+01
3.194155336053488270e+01
0.000000000000000000e+00
0.000000000000000000e+00
0.000000000000000000e+00
3.226225791498259809e+01
3.368098788903509444e+01
3.016482497111082139e+01
0.000000000000000000e+00
0.000000000000000000e+00
2.146063291286070296e+01
0.000000000000000000e+00
3.555858922499621855e+01
0.000000000000000000e+00
2.426491417431635611e+01
3.516786148752022001e+01
3.342592899177346766e+01
0.000000000000000000e+00
1.374590748579991129e+01
3.173037542041135950e+01
3.632581435397605674e+01
3.253761648099962400e+01
4.052699782078326507e+01
3.480827041219533413e+01
0.000000000000000000e+00
3.644281073675720251e+01
0.000000000000000000e+00
3.572203157427135523e+01
0.000000000000000000e+00
0.000000000000000000e+00
0.000000000000000000e+00
0.000000000000000000e+00
3.406243876635971191e+01
3.802224100636806980e+01
3.402435744695402775e+01
0.000000000000000000e+00
3.516865849968269231e+01
2.530657191647687654e+01
3.427934790602160575e+01
0.000000000000000000e+00
3.753938282893086154e+01
0.000000000000000000e+00
0.000000000000000000e+00
3.453368370202937143e+01
4.557110606572298650e+01
0.000000000000000000e+00
0.000000000000000000e+00
3.858680309928495689e+01
3.502090608535606719e+01
3.532240695854125789e+01
0.000000000000000000e+00
0.000000000000000000e+00
2.515832820545252702e+01
0.000000000000000000e+00
3.995203395591205009e+01
0.000000000000000000e+00
0.000000000000000000e+00
0.000000000000000000e+00
0.000000000000000000e+00
3.460235750464353544e+01
3.930530148366607079e+01
2.555859622136223308e+01
2.975988169895199675e+01
0.000000000000000000e+00
0.000000000000000000e+00
0.000000000000000000e+00
2.967005903085231111e+01
3.825766995725954445e+01
0.000000000000000000e+00
3.320511018034259365e+01
0.000000000000000000e+00
2.872025490314956642e+01
2.702686951462873566e+01
3.179148098203962292e+01
3.639812866298221650e+01
2.098707316122293420e+01
0.000000000000000000e+00
3.710251161465248515e+01
3.223217267008984521e+01
3.424174394693010726e+01
3.657996936745655603e+01
3.808630631433274516e+01
3.702981908619860008e+01
0.000000000000000000e+00
3.685213748606148698e+01
3.652996123182267496e+01
2.886985627005593713e+01
2.721717987621638102e+01
0.000000000000000000e+00
2.316947316763073772e+01
2.524365217921447169e+01
0.000000000000000000e+00
0.000000000000000000e+00
2.266701240165411235e+01
2.561510522467214912e+01
1.909606623026043692e+01
1.329933693468217371e+01
0.000000000000000000e+00
0.000000000000000000e+00
3.403083217399129978e+01
1.498696501824820260e+01
0.000000000000000000e+00
2.011157367828689502e+01
3.765259828545777054e+01
2.920826493363535548e+01
2.617653077973119125e+01
0.000000000000000000e+00
0.000000000000000000e+00
0.000000000000000000e+00
1.580744002043746477e+01
0.000000000000000000e+00
0.000000000000000000e+00
0.000000000000000000e+00
3.399117413291336476e+01
1.347636328184647603e+01
0.000000000000000000e+00
3.660720063752993525e+01
3.423751678108560981e+01
2.582728774386801973e+01
0.000000000000000000e+00
3.059189025325766309e+01
3.878658736614928415e+01
1.252643458416141620e+01
0.000000000000000000e+00
3.512023978497535381e+01
1.629545395376209527e+01
1.691705461779268660e+01
0.000000000000000000e+00
0.000000000000000000e+00
3.254855051556339163e+01
2.772489016932659212e+01
3.134821996806138245e+01
2.447566320677517737e+01
0.000000000000000000e+00
1.567319700686850226e+01
0.000000000000000000e+00
0.000000000000000000e+00
0.000000000000000000e+00
2.262217977410162817e+01
2.211996865974027315e+01
0.000000000000000000e+00
2.943761851411549202e+01
0.000000000000000000e+00
0.000000000000000000e+00
1.353488032254358053e+01
1.860762065217943118e+01
3.605713702900897033e+01
0.000000000000000000e+00
1.183021012880373313e+01
2.836888180633221879e+01
0.000000000000000000e+00
1.567319700686850226e+01
2.240485637509757311e+01
3.245034691069336219e+01
0.000000000000000000e+00
2.342630667319779292e+01
2.029370793387048266e+01
2.827539447994015731e+01
1.335397324731060920e+01
2.790956322999290862e+01
0.000000000000000000e+00
2.003519591310247350e+01
3.893804118550731630e+01
0.000000000000000000e+00
3.500370329351285648e+01
3.016229678487552945e+01
2.815357052836108664e+01
2.979069740040206327e+01
2.826870836790667596e+01
0.000000000000000000e+00
2.118786296301789207e+01
0.000000000000000000e+00
0.000000000000000000e+00
1.422985389923152333e+01
0.000000000000000000e+00
1.382022690512475194e+01
0.000000000000000000e+00
0.000000000000000000e+00
0.000000000000000000e+00
2.225067907416661228e+01
0.000000000000000000e+00
0.000000000000000000e+00
0.000000000000000000e+00
2.210747177421813703e+01
2.337988789156730718e+01
3.475887331362774546e+01
3.465522735357067319e+01
2.352180742345155906e+01
3.903404281208570836e+01
1.249773287915028597e+01
3.012315285767831341e+01
0.000000000000000000e+00
3.606499767537230383e+01
3.905006552008290299e+01
2.441820458311389785e+01
0.000000000000000000e+00
3.002214586688717546e+01
1.222600573692511539e+01
0.000000000000000000e+00
2.433843747604537455e+01
0.000000000000000000e+00
3.328123270684987034e+01
0.000000000000000000e+00
2.767598757600470094e+01
3.591271540548310526e+01
2.142440911496968070e+01
3.049082006858069249e+01
0.000000000000000000e+00
3.038241128575517536e+01
3.752494697025897352e+01
3.165232593737203004e+01
2.725826923475894148e+01
1.494526348090152723e+01
0.000000000000000000e+00
2.183706733595436589e+01
0.000000000000000000e+00
1.519186435442228245e+01
0.000000000000000000e+00
2.245816010548970354e+01
2.180935324935093789e+01
0.000000000000000000e+00
2.514272605014537376e+01
0.000000000000000000e+00
1.567319700686850226e+01
3.930991662056446501e+01
3.623211884748857869e+01
1.167869933544460892e+01
3.876257383859973515e+01
2.337988789156730718e+01
1.998061834199486952e+01
2.417521611447843100e+01
0.000000000000000000e+00
3.117135293225634385e+01
0.000000000000000000e+00
0.000000000000000000e+00
1.216215612426336534e+01
1.531655498159583217e+01
2.689984431646533736e+01
3.061190885880999701e+01
2.478575321671753784e+01
0.000000000000000000e+00
2.401193924053833939e+01
3.755095900662591646e+01
0.000000000000000000e+00
3.977694326610365749e+01
0.000000000000000000e+00
3.427301294182172597e+01
1.200811976863362496e+01
2.560427882814019185e+01
1.753955914816453898e+01
3.041526505331474084e+01
1.893992217246274024e+01
1.773216605133947965e+01
1.331256993873667938e+01
1.351513071240766806e+01
2.166855556894249446e+01
0.000000000000000000e+00
2.650771344276767749e+01
1.783728611668756514e+01
2.081336285435833489e+01
1.432615317380196451e+01
0.000000000000000000e+00
1.230168971082965612e+01
2.096320424308467878e+01
3.325791781486845622e+01
1.439525481857423372e+01
0.000000000000000000e+00
1.459709671765028638e+01
1.867897669170221064e+01
2.597243422034081561e+01
0.000000000000000000e+00
1.504708404060419369e+01
2.690378301554351737e+01
0.000000000000000000e+00
0.000000000000000000e+00
3.545660115589448935e+01
1.331256993873667938e+01
3.587340884761239579e+01
1.786130779038088079e+01
1.529006815511323758e+01
0.000000000000000000e+00
0.000000000000000000e+00
2.336590672708076255e+01
1.640050530910274418e+01
3.145706937414525228e+01
1.570918513941365902e+01
1.331256993873667938e+01
1.465773378538305671e+01
0.000000000000000000e+00
1.805647504752057486e+01
3.199608835084924507e+01
2.197677386844738123e+01
2.798817713660411499e+01
0.000000000000000000e+00
1.324018085365570663e+01
2.232517776820460398e+01
3.659642259512834528e+01
1.239109653061057514e+01
2.487639530243402675e+01
1.853292355806992120e+01
1.343261983662955750e+01
2.217777653360548840e+01
1.934549460575662749e+01
1.529420494986788981e+01
2.373855078060557844e+01
1.656890174525571879e+01
2.454167122318683880e+01
0.000000000000000000e+00
0.000000000000000000e+00
3.451681198598769384e+01
0.000000000000000000e+00
3.425053480791446248e+01
3.213868899065248996e+01
1.824933710889181526e+01
1.527002118540220366e+01
0.000000000000000000e+00
0.000000000000000000e+00
1.343261983662955750e+01
3.213868899065248996e+01
1.324018085365570663e+01
2.725318677181845572e+01
1.501279753045226606e+01
0.000000000000000000e+00
1.501085832259730601e+01
1.318091013002238654e+01
0.000000000000000000e+00
3.455979936168201760e+01
0.000000000000000000e+00
0.000000000000000000e+00
0.000000000000000000e+00
3.283365244707046315e+01
1.909723415956337078e+01
2.454167122318683880e+01
2.000806153736643722e+01
1.145528825789657112e+01
1.715621474478986386e+01
3.155165506269642250e+01
0.000000000000000000e+00
3.448209768778315976e+01
2.217777653360548840e+01
3.259049004943516792e+01
1.210766912704824172e+01
0.000000000000000000e+00
0.000000000000000000e+00
3.334892091744357145e+01
1.199793627706374366e+01
2.573870930938170076e+01
2.786698103325758780e+01
1.311273665335999006e+01
1.966450600796524029e+01
2.739574306605440768e+01
3.249660957268852002e+01
3.913786826108739803e+01
2.077783810899439843e+01
2.075570411609649568e+01
0.000000000000000000e+00
0.000000000000000000e+00
2.064488356694709026e+01
0.000000000000000000e+00
0.000000000000000000e+00
2.972791260075143072e+01
1.367580602501674036e+01
0.000000000000000000e+00
3.346902473023406088e+01
2.126286384694978082e+01
0.000000000000000000e+00
2.069647165742348704e+01
2.662408534938374771e+01
1.199793627706374366e+01
0.000000000000000000e+00
3.117135293225634385e+01
0.000000000000000000e+00
0.000000000000000000e+00
0.000000000000000000e+00
1.651670666028423895e+01
1.198858408325914304e+01
0.000000000000000000e+00
2.269615530433353356e+01
2.367632085619353788e+01
3.055524435080311818e+01
2.341186954438367351e+01
2.139778618522906228e+01
3.814560479456945075e+01
0.000000000000000000e+00
3.286915829485010931e+01
2.722503545787353829e+01
0.000000000000000000e+00
2.675927276161816692e+01
2.226170312214278724e+01
3.073170164578199248e+01
2.973138948715734742e+01
0.000000000000000000e+00
3.357144198113773825e+01
2.584692019086172365e+01
0.000000000000000000e+00
3.403485945702561821e+01
3.558124494857770514e+01
3.439930498646980794e+01
0.000000000000000000e+00
2.602878921484716557e+01
2.412728313022901006e+01
4.365780320145610460e+01
0.000000000000000000e+00
1.698671303115525433e+01
2.380419779042458828e+01
3.533246569401625692e+01
0.000000000000000000e+00
0.000000000000000000e+00
2.681211839344878811e+01
0.000000000000000000e+00
0.000000000000000000e+00
3.096224411140133626e+01
2.412728313022901006e+01
0.000000000000000000e+00
2.768337539262493507e+01
0.000000000000000000e+00
2.357573688570311177e+01
2.212205997229864707e+01
0.000000000000000000e+00
3.814560479456945075e+01
2.828839430322606319e+01
0.000000000000000000e+00
2.754732877551617420e+01
2.438302180436769007e+01
0.000000000000000000e+00
3.217358624321240512e+01
3.166815470962800205e+01
2.139778618522906228e+01
2.695567672594613029e+01
2.768337539262493507e+01
0.000000000000000000e+00
3.878094544581090730e+01
0.000000000000000000e+00
3.008313446096840593e+01
2.682572252472271046e+01
3.521496085607988391e+01
3.590597989352676223e+01
0.000000000000000000e+00
3.320511018034259365e+01
0.000000000000000000e+00
2.139778618522906228e+01
2.521101970437733186e+01
2.801398558565058394e+01
2.784042175324690760e+01
2.766216450114975700e+01
0.000000000000000000e+00
1.884625188881879509e+01
1.449313762614332646e+01
1.449313762614332646e+01
3.456763839916720116e+01
3.894079718702766968e+01
0.000000000000000000e+00
2.516332475238544220e+01
3.575490131460148291e+01
3.654261350894771709e+01
0.000000000000000000e+00
2.558559161930757853e+01
2.865547074029130670e+01
2.131954663435319119e+01
0.000000000000000000e+00
0.000000000000000000e+00
2.681211839344878811e+01
3.660143224800141581e+01
3.538943456535108112e+01
3.245259105855667059e+01
0.000000000000000000e+00
0.000000000000000000e+00
0.000000000000000000e+00
3.555206005029758387e+01
3.619412279056729176e+01
0.000000000000000000e+00
0.000000000000000000e+00
3.245560387708056993e+01
3.275703937393354437e+01
2.694117320668207682e+01
3.346902473023406088e+01
3.012850369311028587e+01
0.000000000000000000e+00
2.401164031062048920e+01
2.757514170528278896e+01
3.731337444852145779e+01
3.506049458589793488e+01
2.066673743521274176e+01
0.000000000000000000e+00
3.907656366097953082e+01
0.000000000000000000e+00
3.872836612643666143e+01
3.451681198598769384e+01
3.297604684243155759e+01
3.988847923219701386e+01
1.966778564344226865e+01
3.606039254788007042e+01
3.554264720956627599e+01
2.824117044111998709e+01
0.000000000000000000e+00
3.874930835484263270e+01
0.000000000000000000e+00
2.178638464566790134e+01
3.559714497829273938e+01
3.523380447951989680e+01
0.000000000000000000e+00
1.664490583610597696e+01
0.000000000000000000e+00
1.398507752725669206e+01
0.000000000000000000e+00
1.768072456804014791e+01
3.016589638680031626e+01
2.267181536263040798e+01
0.000000000000000000e+00
3.059888157381469753e+01
2.798655660417538726e+01
0.000000000000000000e+00
2.588599440330145995e+01
2.513133031861011801e+01
3.158993765657472252e+01
0.000000000000000000e+00
1.269354361109496843e+01
1.635043092337610204e+01
0.000000000000000000e+00
0.000000000000000000e+00
0.000000000000000000e+00
1.583720635435311586e+01
2.960954668974893167e+01
2.146040081367972263e+01
0.000000000000000000e+00
1.838845025457841587e+01
3.206069660199555216e+01
3.049991270624738959e+01
0.000000000000000000e+00
0.000000000000000000e+00
2.942163359283581769e+01
0.000000000000000000e+00
1.898562047951825704e+01
0.000000000000000000e+00
2.748085133872062968e+01
3.517984264297325581e+01
2.229535540221638712e+01
3.062253843598779568e+01
0.000000000000000000e+00
1.866490581741845389e+01
1.583720635435311586e+01
2.766145029440192005e+01
1.352995133488160739e+01
1.838845025457841587e+01
1.352995133488160739e+01
1.373057197793973039e+01
3.656350851114487455e+01
1.521903403157272727e+01
3.777397226615907044e+01
0.000000000000000000e+00
1.521903403157272727e+01
0.000000000000000000e+00
1.937814521465412199e+01
0.000000000000000000e+00
0.000000000000000000e+00
3.056995756154452692e+01
0.000000000000000000e+00
1.419756100017165856e+01
1.489491941977300371e+01
1.976734387702447648e+01
2.281469513665668458e+01
2.966527081707069158e+01
0.000000000000000000e+00
1.961711879970260952e+01
0.000000000000000000e+00
3.288151571110075366e+01
0.000000000000000000e+00
2.309074961303897666e+01
0.000000000000000000e+00
2.135557813430608221e+01
3.412558884360609568e+01
4.030532952358399967e+01
2.472108134936360813e+01
3.289426299171977774e+01
0.000000000000000000e+00
3.545003519969046835e+01
0.000000000000000000e+00
0.000000000000000000e+00
2.493293816533941865e+01
2.526935973998419627e+01
2.535386688979255254e+01
0.000000000000000000e+00
0.000000000000000000e+00
0.000000000000000000e+00
2.712149802049690450e+01
1.579348131995131688e+01
0.000000000000000000e+00
0.000000000000000000e+00
3.099004024549213909e+01
2.278068612263028214e+01
2.016286227062111536e+01
1.949603424388006090e+01
2.493293816533941865e+01
0.000000000000000000e+00
3.911663043111867921e+01
0.000000000000000000e+00
2.283880728852111730e+01
0.000000000000000000e+00
2.005173968879470792e+01
2.763346093611121645e+01
2.566113434953286898e+01
3.779058910022060758e+01
2.730264207158797873e+01
1.523426537789032409e+01
2.940411889664974865e+01
0.000000000000000000e+00
1.784923456983470658e+01
2.057693222195054261e+01
0.000000000000000000e+00
2.673977294527824711e+01
1.579348131995131688e+01
1.974360593551199372e+01
0.000000000000000000e+00
2.766145029440192005e+01
0.000000000000000000e+00
3.526427086694392443e+01
3.507142740388565016e+01
3.629409005424015078e+01
0.000000000000000000e+00
2.674812647492705509e+01
4.422945705249236426e+01
2.650275038592919330e+01
2.171654825998510319e+01
0.000000000000000000e+00
0.000000000000000000e+00
3.272816224825017883e+01
2.940411889664974865e+01
0.000000000000000000e+00
0.000000000000000000e+00
0.000000000000000000e+00
1.523426537789032409e+01
0.000000000000000000e+00
3.098486665016243080e+01
0.000000000000000000e+00
0.000000000000000000e+00
0.000000000000000000e+00
3.769573827111300801e+01
0.000000000000000000e+00
0.000000000000000000e+00
2.196811694303513107e+01
0.000000000000000000e+00
2.377013533204594964e+01
1.794848449728144146e+01
0.000000000000000000e+00
0.000000000000000000e+00
1.784923456983470658e+01
2.192992593527240430e+01
0.000000000000000000e+00
3.565088881873334259e+01
1.992794910014956855e+01
3.843348364070985923e+01
2.267197599517176343e+01
3.084684935138782080e+01
0.000000000000000000e+00
3.732400052600698359e+01
1.416814203675700057e+01
3.988875103997426663e+01
0.000000000000000000e+00
0.000000000000000000e+00
2.816007717591439885e+01
0.000000000000000000e+00
2.788752785178602167e+01
0.000000000000000000e+00
1.408121195883555110e+01
3.743577062671838718e+01
1.416814203675700057e+01
2.363914880553711129e+01
2.656338642368286429e+01
2.126367953596609439e+01
3.959408119035310847e+01
2.369161946938602625e+01
0.000000000000000000e+00
3.055612699070612237e+01
3.157007634530924989e+01
3.060446769367274200e+01
3.617058573661973497e+01
2.806567003188860454e+01
1.366715718059486662e+01
4.205634541814282557e+01
2.277975174170071782e+01
1.759679380014626915e+01
1.717875956675118942e+01
2.258944843569341998e+01
1.611760250154427254e+01
1.463460517799743599e+01
2.686987796923189720e+01
3.091935327159827906e+01
0.000000000000000000e+00
1.567925256296195968e+01
1.271050453255279677e+01
1.229198265900449449e+01
2.277975174170071782e+01
2.828775493167475830e+01
2.045833272577615602e+01
1.202837178133272644e+01
2.997545088470910812e+01
1.929902052965159598e+01
1.414592260237600740e+01
1.759679380014626915e+01
3.435358144135685166e+01
2.681401058687621841e+01
3.215768883065160821e+01
1.701013671676190242e+01
3.687288599855416749e+01
3.157007634530924989e+01
1.198278560886285860e+01
2.580538056892120835e+01
0.000000000000000000e+00
3.740534056293864751e+01
3.603936671428800054e+01
2.072739104916485431e+01
2.692827106244450874e+01
2.416355192013784858e+01
2.641405436716948429e+01
2.164860983569555586e+01
0.000000000000000000e+00
2.172390887921330105e+01
2.858191907876861393e+01
3.381465545022469144e+01
3.135617683573159553e+01
2.409206340539650171e+01
3.749728037909083866e+01
0.000000000000000000e+00
2.355802663311307654e+01
3.250574420199742320e+01
3.542340808151033826e+01
0.000000000000000000e+00
0.000000000000000000e+00
2.883593815116278947e+01
3.847220965586232211e+01
0.000000000000000000e+00
3.765259828545777054e+01
3.675564268951631419e+01
3.250212905878629499e+01
3.087259333637962300e+01
2.549997932402016687e+01
0.000000000000000000e+00
0.000000000000000000e+00
0.000000000000000000e+00
1.963498669590305568e+01
3.423856682344475644e+01
3.291466043900603466e+01
2.702335506805398069e+01
3.661597333326582060e+01
0.000000000000000000e+00
3.119619472567283225e+01
3.438004630149998064e+01
2.126878051931277014e+01
2.883923225352434372e+01
2.923299565873062278e+01
2.284965155599676834e+01
2.633645910925782374e+01
0.000000000000000000e+00
0.000000000000000000e+00
0.000000000000000000e+00
0.000000000000000000e+00
3.347711891915560045e+01
0.000000000000000000e+00
2.213514805238217775e+01
2.005173968879470792e+01
3.315137198600012880e+01
2.938741331703857185e+01
3.656771791454567477e+01
2.329797873049133372e+01
0.000000000000000000e+00
0.000000000000000000e+00
0.000000000000000000e+00
0.000000000000000000e+00
3.364437424671481125e+01
0.000000000000000000e+00
3.415286210718468141e+01
0.000000000000000000e+00
3.871298746883608288e+01
3.806404347754634898e+01
1.938654230487037111e+01
0.000000000000000000e+00
2.961246279959782512e+01
1.637536245670165158e+01
3.780031061864642083e+01
0.000000000000000000e+00
1.824787842835418772e+01
0.000000000000000000e+00
3.570897953624610466e+01
0.000000000000000000e+00
3.687288599855416749e+01
2.867803753474614226e+01
3.560320373338365130e+01
0.000000000000000000e+00
2.390366451536444359e+01
3.084910947896450395e+01
3.695626722653425844e+01
3.006641891896855512e+01
2.656494678986138780e+01
3.627090999746390310e+01
0.000000000000000000e+00
2.943110857535112501e+01
0.000000000000000000e+00
0.000000000000000000e+00
0.000000000000000000e+00
3.343476386558800328e+01
0.000000000000000000e+00
0.000000000000000000e+00
0.000000000000000000e+00
2.287939164518317270e+01
1.728593475202906404e+01
2.561510522467214912e+01
0.000000000000000000e+00
0.000000000000000000e+00
2.830771860769387160e+01
2.728043824011029272e+01
3.848125054625973007e+01
3.673458805060224819e+01
0.000000000000000000e+00
0.000000000000000000e+00
0.000000000000000000e+00
3.241356912815370350e+01
0.000000000000000000e+00
3.682907613379734357e+01
0.000000000000000000e+00
0.000000000000000000e+00
0.000000000000000000e+00
0.000000000000000000e+00
2.900104150947683834e+01
0.000000000000000000e+00
2.619888259461608371e+01
1.728593475202906404e+01
0.000000000000000000e+00
0.000000000000000000e+00
2.382858399410554640e+01
3.861892043259584284e+01
3.054183167508639940e+01
3.500058249156199963e+01
0.000000000000000000e+00
0.000000000000000000e+00
0.000000000000000000e+00
0.000000000000000000e+00
3.255819121679508044e+01
0.000000000000000000e+00
0.000000000000000000e+00
3.141928755191410261e+01
0.000000000000000000e+00
5.002417094647854867e+01
2.854868907705040826e+01
3.055343221976011492e+01
2.955022821286765478e+01
0.000000000000000000e+00
0.000000000000000000e+00
2.612704072634966579e+01
4.557110606572298650e+01
0.000000000000000000e+00
0.000000000000000000e+00
3.944120867817180454e+01
1.845339659099670016e+01
2.627494535512984086e+01
0.000000000000000000e+00
3.148886047009859013e+01
0.000000000000000000e+00
2.511670644742466152e+01
0.000000000000000000e+00
3.022354165990187269e+01
0.000000000000000000e+00
0.000000000000000000e+00
0.000000000000000000e+00
0.000000000000000000e+00
0.000000000000000000e+00
0.000000000000000000e+00
2.062362136742104468e+01
3.606499767537230383e+01
0.000000000000000000e+00
2.278862049183839744e+01
2.666468148297847307e+01
0.000000000000000000e+00
3.400718517488666492e+01
2.362205032822624062e+01
1.804940060535982127e+01
0.000000000000000000e+00
3.841080849456962198e+01
0.000000000000000000e+00
2.875018295758603770e+01
0.000000000000000000e+00
2.911742471977802893e+01
2.255015888893267473e+01
2.738630655063908748e+01
0.000000000000000000e+00
2.591978827879831115e+01
3.908035375596331562e+01
0.000000000000000000e+00
0.000000000000000000e+00
4.032268098890522623e+01
0.000000000000000000e+00
0.000000000000000000e+00
4.307850539020529368e+01
0.000000000000000000e+00
0.000000000000000000e+00
3.130429673166830540e+01
0.000000000000000000e+00
0.000000000000000000e+00
0.000000000000000000e+00
2.827497888554692196e+01
3.275335511978786940e+01
0.000000000000000000e+00
3.426947847556460403e+01
3.103971268519885029e+01
0.000000000000000000e+00
0.000000000000000000e+00
0.000000000000000000e+00
0.000000000000000000e+00
2.137359737263104975e+01
3.506049458589793488e+01
1.814638446601118105e+01
3.486401648477713167e+01
3.794255686245887205e+01
3.389143603084279732e+01
3.036929930580235037e+01
3.084652949436829772e+01
2.564960075662156669e+01
0.000000000000000000e+00
4.159337312626944083e+01
2.733368518224460075e+01
0.000000000000000000e+00
3.109360631331329472e+01
1.709093756013549026e+01
0.000000000000000000e+00
0.000000000000000000e+00
3.552761555220995859e+01
0.000000000000000000e+00
3.712805836438560902e+01
0.000000000000000000e+00
3.694040482511008605e+01
3.364747223495348294e+01
3.243393905019205903e+01
2.811457797038879036e+01
2.738031941211507814e+01
3.452875176674341162e+01
0.000000000000000000e+00
0.000000000000000000e+00
3.725352447362450192e+01
3.632581435397605674e+01
0.000000000000000000e+00
0.000000000000000000e+00
4.515988582291966225e+01
0.000000000000000000e+00
0.000000000000000000e+00
5.017362353689375709e+01
3.103754255874906676e+01
0.000000000000000000e+00
1.916142363508992474e+01
3.633751492290041796e+01
0.000000000000000000e+00
3.420056281479673288e+01
3.521871048057948173e+01
2.621011718357461362e+01
0.000000000000000000e+00
2.650456257164449525e+01
3.163063891946081796e+01
0.000000000000000000e+00
2.628443890256340865e+01
3.488644994400566901e+01
2.927195981026821769e+01
3.471586032475908468e+01
2.528314521585929953e+01
0.000000000000000000e+00
2.401294820848407952e+01
0.000000000000000000e+00
2.561202998217822824e+01
0.000000000000000000e+00
0.000000000000000000e+00
0.000000000000000000e+00
2.470632895805802320e+01
0.000000000000000000e+00
3.284865293398272712e+01
0.000000000000000000e+00
0.000000000000000000e+00
0.000000000000000000e+00
0.000000000000000000e+00
2.822212110211538061e+01
0.000000000000000000e+00
2.396117068346985235e+01
3.364782755055550467e+01
2.266701240165411235e+01
3.153778202956780063e+01
0.000000000000000000e+00
2.209755656917502975e+01
4.100601761144908153e+01
1.811514945110370434e+01
0.000000000000000000e+00
3.417536521057563448e+01
0.000000000000000000e+00
0.000000000000000000e+00
3.543054745657614291e+01
0.000000000000000000e+00
2.561202998217822824e+01
2.237700917063700246e+01
3.064461815671360867e+01
3.110480959260958400e+01
3.372957979261818195e+01
3.064461815671360867e+01
2.927195981026821769e+01
2.322637243486898129e+01
0.000000000000000000e+00
2.784379627443238903e+01
2.511835838569369983e+01
0.000000000000000000e+00
0.000000000000000000e+00
0.000000000000000000e+00
2.978025926716557947e+01
2.946505002441345766e+01
3.412343644100741358e+01
3.754830258671530885e+01
3.494851456997995598e+01
0.000000000000000000e+00
2.335703762447448995e+01
0.000000000000000000e+00
3.908018380630751665e+01
0.000000000000000000e+00
3.322745344571606552e+01
3.854972540562125971e+01
0.000000000000000000e+00
0.000000000000000000e+00
0.000000000000000000e+00
2.804193951407149754e+01
3.774843610227629398e+01
5.017362353689375709e+01
0.000000000000000000e+00
3.905065202950118675e+01
3.837254403043266393e+01
0.000000000000000000e+00
2.985515949531761848e+01
0.000000000000000000e+00
0.000000000000000000e+00
0.000000000000000000e+00
2.953069070803422136e+01
0.000000000000000000e+00
2.900392186102636316e+01
3.008206233047825506e+01
0.000000000000000000e+00
3.547744967019990980e+01
0.000000000000000000e+00
0.000000000000000000e+00
3.629670064231780913e+01
0.000000000000000000e+00
3.240569132992252577e+01
2.268924466694581454e+01
0.000000000000000000e+00
3.349966298406889820e+01
3.008206233047825506e+01
3.046509919531050770e+01
0.000000000000000000e+00
0.000000000000000000e+00
0.000000000000000000e+00
2.093723361611420941e+01
3.296811680529579291e+01
2.076419784927055190e+01
1.913904891792604701e+01
2.355757933757259082e+01
2.919315677703462697e+01
2.207831917113279374e+01
3.280413824022074465e+01
3.927767119138674445e+01
2.853571694517466639e+01
0.000000000000000000e+00
2.262534661641561584e+01
0.000000000000000000e+00
2.279452763096809065e+01
3.432610503923535106e+01
2.698867883889452557e+01
2.268924466694581454e+01
3.572927471960831269e+01
2.149265127105944018e+01
0.000000000000000000e+00
3.936674333459706787e+01
0.000000000000000000e+00
3.195533382074186335e+01
2.889890263141983695e+01
0.000000000000000000e+00
0.000000000000000000e+00
3.400319193270835427e+01
0.000000000000000000e+00
2.131954663435319119e+01
1.679948239901338880e+01
0.000000000000000000e+00
3.051887544715791378e+01
3.590623899559388832e+01
3.349966298406889820e+01
2.787714276905494515e+01
2.596899278289492230e+01
3.249380538266339613e+01
2.919315677703462697e+01
3.702260999848667211e+01
0.000000000000000000e+00
0.000000000000000000e+00
0.000000000000000000e+00
3.618296044204341655e+01
2.657217723430442291e+01
0.000000000000000000e+00
2.601890167542088861e+01
2.636439848142331499e+01
0.000000000000000000e+00
3.388330093260070441e+01
3.469725471950341245e+01
3.676459174969243549e+01
3.613612036866986443e+01
2.279452763096809065e+01
0.000000000000000000e+00
2.511835838569369983e+01
3.308919926265235034e+01
0.000000000000000000e+00
0.000000000000000000e+00
2.036496282612813502e+01
2.907396299860928579e+01
0.000000000000000000e+00
0.000000000000000000e+00
2.663031575659530148e+01
2.404222273961424605e+01
3.739460962290440449e+01
2.256082542213408004e+01
2.949331335777721108e+01
0.000000000000000000e+00
0.000000000000000000e+00
2.201953487966758161e+01
0.000000000000000000e+00
0.000000000000000000e+00
2.363088258243357487e+01
0.000000000000000000e+00
3.699534874229468073e+01
2.233395442218348848e+01
0.000000000000000000e+00
0.000000000000000000e+00
0.000000000000000000e+00
4.190478357031150836e+01
2.548207056991432751e+01
3.389332512976521627e+01
3.250326443034889223e+01
3.217725835407001256e+01
2.687504112556122138e+01
0.000000000000000000e+00
2.311911961515271230e+01
3.204880980462919382e+01
0.000000000000000000e+00
0.000000000000000000e+00
0.000000000000000000e+00
3.418695360282536910e+01
5.024004482283827144e+01
2.993985799363081313e+01
0.000000000000000000e+00
2.959124591088022527e+01
2.753113928939865573e+01
3.712969996134270900e+01
3.584265976663959208e+01
0.000000000000000000e+00
0.000000000000000000e+00
0.000000000000000000e+00
0.000000000000000000e+00
2.490467362127674278e+01
0.000000000000000000e+00
3.422875529760604962e+01
0.000000000000000000e+00
0.000000000000000000e+00
3.361861464338902294e+01
0.000000000000000000e+00
0.000000000000000000e+00
0.000000000000000000e+00
3.065065762448907449e+01
3.082809482598885253e+01
0.000000000000000000e+00
0.000000000000000000e+00
3.876890562313349875e+01
3.060065559731804896e+01
0.000000000000000000e+00
0.000000000000000000e+00
0.000000000000000000e+00
2.749700714331001095e+01
3.228759047072480115e+01
0.000000000000000000e+00
0.000000000000000000e+00
3.008206233047825506e+01
0.000000000000000000e+00
3.959734910029648347e+01
3.560049647793279348e+01
3.905199013907263605e+01
2.806884993807129547e+01
2.063842270059811668e+01
2.829415289484190410e+01
2.294573764385106429e+01
0.000000000000000000e+00
0.000000000000000000e+00
3.611392365136463667e+01
2.484112001773502953e+01
3.488867219614434134e+01
3.389231123424146830e+01
2.535935560567488523e+01
3.397170026465343540e+01
2.770982961794338095e+01
2.528314521585929953e+01
3.383225325681603124e+01
0.000000000000000000e+00
0.000000000000000000e+00
3.792883396432122112e+01
0.000000000000000000e+00
2.731403329316921358e+01
0.000000000000000000e+00
3.166538101881281975e+01
3.934929017938503648e+01
3.441179932186437895e+01
3.340628033244239958e+01
0.000000000000000000e+00
2.552438958219005372e+01
0.000000000000000000e+00
3.194925649656669009e+01
2.237700917063700246e+01
0.000000000000000000e+00
3.408000399387146473e+01
0.000000000000000000e+00
2.590961754632911607e+01
2.636338953543110719e+01
0.000000000000000000e+00
0.000000000000000000e+00
4.267300167117935672e+01
0.000000000000000000e+00
0.000000000000000000e+00
2.514948570354226121e+01
0.000000000000000000e+00
0.000000000000000000e+00
0.000000000000000000e+00
3.242337901757613139e+01
3.246853996124238506e+01
3.050483326000629702e+01
3.961919516405988873e+01
0.000000000000000000e+00
0.000000000000000000e+00
0.000000000000000000e+00
3.412132203412565445e+01
0.000000000000000000e+00
0.000000000000000000e+00
1.812936460408205264e+01
3.234680512932537511e+01
0.000000000000000000e+00
4.029315480977836472e+01
3.914966357857107937e+01
2.728849392474282709e+01
0.000000000000000000e+00
2.942586138983251232e+01
3.968167612529607169e+01
4.188430226685148483e+01
0.000000000000000000e+00
2.566109611738498231e+01
0.000000000000000000e+00
2.680944780544541572e+01
0.000000000000000000e+00
0.000000000000000000e+00
0.000000000000000000e+00
3.628173930362241606e+01
3.582897768875820788e+01
3.185519385360901623e+01
0.000000000000000000e+00
0.000000000000000000e+00
2.341186954438367351e+01
3.943197161190623490e+01
3.255136567445759255e+01
4.197134956851716936e+01
0.000000000000000000e+00
0.000000000000000000e+00
2.898185957149903302e+01
0.000000000000000000e+00
0.000000000000000000e+00
0.000000000000000000e+00
0.000000000000000000e+00
3.155019964376123554e+01
0.000000000000000000e+00
0.000000000000000000e+00
3.211447037510770031e+01
3.967508642668324370e+01
0.000000000000000000e+00
0.000000000000000000e+00
1.975081789685655664e+01
0.000000000000000000e+00
0.000000000000000000e+00
0.000000000000000000e+00
1.601193855806503308e+01
3.363175406583410876e+01
0.000000000000000000e+00
3.303832279621293821e+01
0.000000000000000000e+00
3.735449200437264494e+01
2.340627208696345107e+01
4.289430821013644390e+01
2.838640471615540406e+01
1.523848752066609968e+01
0.000000000000000000e+00
3.770301362328813610e+01
0.000000000000000000e+00
0.000000000000000000e+00
3.879001858813628445e+01
0.000000000000000000e+00
3.869540984601417932e+01
2.977781723820118742e+01
2.614316000538884310e+01
3.824638079275940328e+01
0.000000000000000000e+00
3.245507259960803736e+01
3.657320905875158701e+01
2.705896599460364271e+01
0.000000000000000000e+00
3.073782436319124400e+01
0.000000000000000000e+00
2.373019950758983398e+01
3.890084351058110457e+01
3.196085256049239831e+01
0.000000000000000000e+00
2.342676625389253431e+01
3.952183351097500008e+01
2.501148393058389630e+01
0.000000000000000000e+00
4.754944782993300123e+01
3.542340808151033826e+01
3.552761555220995859e+01
1.811651651991889267e+01
3.014194267575378561e+01
0.000000000000000000e+00
0.000000000000000000e+00
0.000000000000000000e+00
0.000000000000000000e+00
1.829117232427933359e+01
0.000000000000000000e+00
2.735554809269358501e+01
3.362645335113291623e+01
0.000000000000000000e+00
0.000000000000000000e+00
0.000000000000000000e+00
0.000000000000000000e+00
0.000000000000000000e+00
0.000000000000000000e+00
2.995449802154771746e+01
0.000000000000000000e+00
0.000000000000000000e+00
0.000000000000000000e+00
1.503796990523911425e+01
3.626651203063141082e+01
3.778197296003244077e+01
3.222191170898295098e+01
0.000000000000000000e+00
3.139328051800976738e+01
3.100898245872516057e+01
0.000000000000000000e+00
3.445810871336975367e+01
0.000000000000000000e+00
2.683077972228417707e+01
3.504022673117103892e+01
3.595607073700180933e+01
3.758630219468615508e+01
0.000000000000000000e+00
3.686301625614156308e+01
3.660910327258351771e+01
2.895045865571837140e+01
0.000000000000000000e+00
0.000000000000000000e+00
0.000000000000000000e+00
3.359007898754765620e+01
0.000000000000000000e+00
3.317540311547031706e+01
2.845917280692739126e+01
3.436192132404299571e+01
4.333692447204093412e+01
2.659428199008763372e+01
4.307850539020529368e+01
0.000000000000000000e+00
3.564605280108271756e+01
3.231210627274162306e+01
3.952166000701659243e+01
3.656745331368360041e+01
0.000000000000000000e+00
3.854216953256479883e+01
0.000000000000000000e+00
3.771391010461933746e+01
0.000000000000000000e+00
2.237700917063700246e+01
3.547456192220131754e+01
3.555451104635803006e+01
3.118865273843375618e+01
4.067088515136101989e+01
0.000000000000000000e+00
1.881785335211712606e+01
2.886891148314490962e+01
0.000000000000000000e+00
3.893183096968883916e+01
3.630321883078335077e+01
1.633851795360393311e+01
3.453842751533973399e+01
0.000000000000000000e+00
0.000000000000000000e+00
3.540983487003135366e+01
3.492835012808391326e+01
3.467669375036856394e+01
0.000000000000000000e+00
4.072078144868282124e+01
3.598774205083748967e+01
1.811544816196377994e+01
3.587129110329497195e+01
0.000000000000000000e+00
2.321889437114531418e+01
0.000000000000000000e+00
1.831027173054514279e+01
0.000000000000000000e+00
4.221032668368856378e+01
0.000000000000000000e+00
0.000000000000000000e+00
3.154803875101285371e+01
2.189019403396162033e+01
0.000000000000000000e+00
0.000000000000000000e+00
4.285002907843931297e+01
1.458051897069382363e+01
3.654427168120006542e+01
0.000000000000000000e+00
2.025863842974398210e+01
4.224881516846599538e+01
2.807828950163398218e+01
2.277975174170071782e+01
3.050483326000629702e+01
0.000000000000000000e+00
0.000000000000000000e+00
1.633851795360393311e+01
0.000000000000000000e+00
4.059925861195724650e+01
2.425227906416747814e+01
0.000000000000000000e+00
1.900466608815792213e+01
0.000000000000000000e+00
2.791742122270999715e+01
0.000000000000000000e+00
0.000000000000000000e+00
2.151080784895691167e+01
0.000000000000000000e+00
1.881077121499900073e+01
3.009848436052904574e+01
2.095859770187802695e+01
2.788485374329589206e+01
3.656454663319880893e+01
0.000000000000000000e+00
2.502711076626360054e+01
0.000000000000000000e+00
1.321482221459653417e+01
0.000000000000000000e+00
0.000000000000000000e+00
0.000000000000000000e+00
1.388626053378591507e+01
9.409268128533733844e+00
1.970764996523767820e+01
0.000000000000000000e+00
2.034361196757865997e+01
1.948557630858134715e+01
0.000000000000000000e+00
0.000000000000000000e+00
1.092367563229016625e+01
1.759504653671630692e+01
0.000000000000000000e+00
0.000000000000000000e+00
8.676028017665114334e+00
2.756242829714978626e+01
0.000000000000000000e+00
0.000000000000000000e+00
3.511579408585807016e+01
9.927184663451207314e+00
1.188834095626559773e+01
2.465743153849805225e+01
3.281731928624813577e+01
2.349293626987690686e+01
2.544681562245164841e+01
2.270061360120633154e+01
0.000000000000000000e+00
4.109415719665723543e+01
2.302922161650813848e+01
3.074868253443959887e+01
3.698748806911853393e+01
2.724701024832317131e+01
2.951851979363646805e+01
2.951851979363646805e+01
0.000000000000000000e+00
2.791497199472169655e+01
3.266822149483004267e+01
0.000000000000000000e+00
1.870931991844641828e+01
2.630212998848648454e+01
2.630212998848648454e+01
0.000000000000000000e+00
3.543054745657614291e+01
3.404755680749041602e+01
0.000000000000000000e+00
2.801598306935547100e+01
0.000000000000000000e+00
3.319218606504863089e+01
2.436266012986218144e+01
0.000000000000000000e+00
2.437209353703300962e+01
3.264879447773061116e+01
3.382038523359931048e+01
0.000000000000000000e+00
0.000000000000000000e+00
3.135597100147355931e+01
2.761692600995658964e+01
2.851617938601539848e+01
1.921612494966502993e+01
0.000000000000000000e+00
0.000000000000000000e+00
0.000000000000000000e+00
2.896573463038369667e+01
0.000000000000000000e+00
0.000000000000000000e+00
2.844780379700486961e+01
0.000000000000000000e+00
0.000000000000000000e+00
0.000000000000000000e+00
0.000000000000000000e+00
3.428747156818432273e+01
0.000000000000000000e+00
0.000000000000000000e+00
3.584324518588240238e+01
0.000000000000000000e+00
1.927486902748437103e+01
3.388505657723253250e+01
0.000000000000000000e+00
2.472372880935107986e+01
3.244481616467200524e+01
3.218622172580258933e+01
3.018532346296203883e+01
3.592693388536412158e+01
3.346902473023406088e+01
0.000000000000000000e+00
3.428421346727895269e+01
3.034855024579184857e+01
0.000000000000000000e+00
0.000000000000000000e+00
4.396902800563672997e+01
0.000000000000000000e+00
3.338837457526899044e+01
0.000000000000000000e+00
1.961388693787440829e+01
1.327557066965689891e+01
3.110360300123852184e+01
3.247675035233991991e+01
2.261288390578447505e+01
4.080179176221862036e+01
0.000000000000000000e+00
0.000000000000000000e+00
2.787215325062473070e+01
3.287153638413856527e+01
3.186490838206574949e+01
3.218188548332228294e+01
0.000000000000000000e+00
0.000000000000000000e+00
4.222348500434490859e+01
3.790831408023375815e+01
0.000000000000000000e+00
3.538513032129949210e+01
0.000000000000000000e+00
0.000000000000000000e+00
4.085183756627471752e+01
0.000000000000000000e+00
3.253733958896224010e+01
0.000000000000000000e+00
2.791521174759949275e+01
0.000000000000000000e+00
0.000000000000000000e+00
3.392075110249066228e+01
3.392075110249066228e+01
0.000000000000000000e+00
3.876890562313349875e+01
4.222348500434490859e+01
0.000000000000000000e+00
3.825766995725954445e+01
0.000000000000000000e+00
0.000000000000000000e+00
0.000000000000000000e+00
3.662639522463109643e+01
0.000000000000000000e+00
2.704215601702068383e+01
3.354675712582564984e+01
3.638442227144848573e+01
2.640950425014674252e+01
3.168129376030750421e+01
2.532750607931637887e+01
3.425053480791446248e+01
0.000000000000000000e+00
3.259049004943516792e+01
2.905667094368676473e+01
0.000000000000000000e+00
3.054806039787188610e+01
0.000000000000000000e+00
0.000000000000000000e+00
0.000000000000000000e+00
3.734520065570507796e+01
2.980803543504342201e+01
3.568411301167488148e+01
2.617653077973119125e+01
0.000000000000000000e+00
3.370425252056967480e+01
3.099257513660664642e+01
2.704215601702068383e+01
2.847458164240329381e+01
2.906077279951027847e+01
3.393257471994263597e+01
0.000000000000000000e+00
0.000000000000000000e+00
2.882199228288435577e+01
3.132802465381901769e+01
3.774843610227629398e+01
0.000000000000000000e+00
3.481726153624715892e+01
3.148145934985040739e+01
3.600938680169026185e+01
3.019983298597848531e+01
0.000000000000000000e+00
3.906072192349785155e+01
0.000000000000000000e+00
0.000000000000000000e+00
3.317409616930507354e+01
2.523523531208531168e+01
2.624457568594239731e+01
2.378817105183866687e+01
2.405863833543448749e+01
0.000000000000000000e+00
0.000000000000000000e+00
3.907259610749134993e+01
3.385010065694527270e+01
2.110945754526056106e+01
3.698748806911853393e+01
3.553896057636235639e+01
2.541556573552118081e+01
3.204942987441440749e+01
0.000000000000000000e+00
0.000000000000000000e+00
0.000000000000000000e+00
2.740629139516535062e+01
1.846158308006375748e+01
0.000000000000000000e+00
3.084559579903688942e+01
3.733106517161643012e+01
0.000000000000000000e+00
3.773691760097667469e+01
3.000577282190482364e+01
3.121818076314584900e+01
3.185889581287590744e+01
2.863347709906370397e+01
0.000000000000000000e+00
0.000000000000000000e+00
3.397840957728589473e+01
2.766302252875996714e+01
0.000000000000000000e+00
0.000000000000000000e+00
2.563540533252505327e+01
0.000000000000000000e+00
2.339136182485289339e+01
2.159218192350196830e+01
0.000000000000000000e+00
2.802454426774607654e+01
3.448011219528724780e+01
2.314515396078784448e+01
3.780711206021029369e+01
0.000000000000000000e+00
2.990716441271864667e+01
2.824518058748005345e+01
3.147196181736640952e+01
0.000000000000000000e+00
3.411790357177861921e+01
2.531861319380790221e+01
3.199822640724017120e+01
3.581728069932368896e+01
2.967363906853379163e+01
3.706471835786632596e+01
2.878084909753504306e+01
0.000000000000000000e+00
3.716599274922688068e+01
0.000000000000000000e+00
3.579202491527141916e+01
2.805645684509113380e+01
3.243219720153712871e+01
3.254817464806460947e+01
0.000000000000000000e+00
0.000000000000000000e+00
3.171063095154882561e+01
3.036929930580235037e+01
2.000862918965129822e+01
0.000000000000000000e+00
3.062637083513879688e+01
0.000000000000000000e+00
1.993585860672640919e+01
3.199822640724017120e+01
3.005355729657341257e+01
0.000000000000000000e+00
0.000000000000000000e+00
3.549664055137407104e+01
0.000000000000000000e+00
2.568333220835677366e+01
2.956957601355147602e+01
3.108623959786001123e+01
3.218188548332228294e+01
0.000000000000000000e+00
3.394498508501398248e+01
0.000000000000000000e+00
2.622325171048082382e+01
3.101847201394812359e+01
3.485004060956367056e+01
3.314898817644800744e+01
2.884389646087262093e+01
2.708160831639040822e+01
2.994104947727943511e+01
3.198466686245526347e+01
0.000000000000000000e+00
2.802454426774607654e+01
0.000000000000000000e+00
3.275568965319424564e+01
0.000000000000000000e+00
3.036858499006044809e+01
0.000000000000000000e+00
2.645553632539888156e+01
0.000000000000000000e+00
3.377351292965322216e+01
3.623453136796629082e+01
3.130010907006426635e+01
0.000000000000000000e+00
3.389143603084279732e+01
3.789297132125452094e+01
0.000000000000000000e+00
3.129321856432398974e+01
2.541879332161315119e+01
3.086797504345744159e+01
3.802196228286394586e+01
0.000000000000000000e+00
