5.301919714073246581e+01
0.000000000000000000e+00
5.224606719902604368e+01
4.516613189368360537e+01
0.000000000000000000e+00
4.717533521198561886e+01
0.000000000000000000e+00
5.241376449403628612e+01
4.328358852812966973e+01
5.573245260770754328e+01
0.000000000000000000e+00
4.715663117058068110e+01
4.662007554158489597e+01
0.000000000000000000e+00
5.245342723794349382e+01
6.022266376973109914e+01
4.710515031069532199e+01
4.257189901556830591e+01
4.364626078737769888e+01
5.005434240239242882e+01
0.000000000000000000e+00
0.000000000000000000e+00
0.000000000000000000e+00
6.120419668446792372e+01
4.568042520448978649e+01
6.139160909550583511e+01
0.000000000000000000e+00
4.382554070119719825e+01
4.938930487780305612e+01
6.139160909550583511e+01
0.000000000000000000e+00
5.145526489200874209e+01
5.282954299501031414e+01
5.328522515017462524e+01
0.000000000000000000e+00
5.003597365695469534e+01
5.005434240239242882e+01
7.431994783981521380e+01
5.527400577496731415e+01
4.979684461657085137e+01
0.000000000000000000e+00
4.762145461930049350e+01
5.161152192193795685e+01
0.000000000000000000e+00
0.000000000000000000e+00
4.999440160269287503e+01
4.709742520881444250e+01
4.209815662932581404e+01
5.972744058876993734e+01
0.000000000000000000e+00
0.000000000000000000e+00
6.059417907356397848e+01
6.646737350051198234e+01
0.000000000000000000e+00
4.680513423647692406e+01
0.000000000000000000e+00
0.000000000000000000e+00
0.000000000000000000e+00
0.000000000000000000e+00
4.687935972198383183e+01
0.000000000000000000e+00
4.643417711923418523e+01
4.931815838901005833e+01
0.000000000000000000e+00
0.000000000000000000e+00
6.293355083204188816e+01
0.000000000000000000e+00
5.238086015833416553e+01
4.480857439593886227e+01
0.000000000000000000e+00
5.593796468366955565e+01
0.000000000000000000e+00
0.000000000000000000e+00
0.000000000000000000e+00
0.000000000000000000e+00
4.521135969829644097e+01
4.241270147278452640e+01
0.000000000000000000e+00
4.739361028930756703e+01
5.258341569986316699e+01
0.000000000000000000e+00
4.828432644200891843e+01
6.370763849217169650e+01
5.052429593804829722e+01
0.000000000000000000e+00
5.208646018133123334e+01
0.000000000000000000e+00
5.441294420999616221e+01
4.971200263645708617e+01
6.308865559220794239e+01
0.000000000000000000e+00
5.772872546264814986e+01
6.370763849217169650e+01
0.000000000000000000e+00
0.000000000000000000e+00
0.000000000000000000e+00
4.144251098506473596e+01
5.968410240463028771e+01
4.188128229238775191e+01
0.000000000000000000e+00
0.000000000000000000e+00
0.000000000000000000e+00
5.138669202228285116e+01
0.000000000000000000e+00
5.228848697192012906e+01
6.665404287281556606e+01
3.968164248885531720e+01
5.040076698671158084e+01
4.632406833594639295e+01
5.259320566074399039e+01
4.617751966969930777e+01
4.971200263645708617e+01
0.000000000000000000e+00
5.599746638909768137e+01
0.000000000000000000e+00
5.406950337476143176e+01
4.045572835054782956e+01
4.471945368617014793e+01
0.000000000000000000e+00
4.972132469231887342e+01
0.000000000000000000e+00
6.391088715958920830e+01
6.257118350325047373e+01
4.377960764320625486e+01
3.663170153820787078e+01
4.542144586194125111e+01
5.256043339249543322e+01
4.682770631156658681e+01
0.000000000000000000e+00
4.441934105779226627e+01
0.000000000000000000e+00
3.826715604180942165e+01
4.554861627293134063e+01
4.518314823964837501e+01
4.683857928262032289e+01
4.134048511070716359e+01
4.223123015909209244e+01
4.272503858596770954e+01
3.848115117153901821e+01
0.000000000000000000e+00
4.394155327269236011e+01
0.000000000000000000e+00
4.432780171894657428e+01
4.206453111721198468e+01
0.000000000000000000e+00
3.925685975557740193e+01
5.553712722849526529e+01
0.000000000000000000e+00
5.220394529699130715e+01
4.873218083080676166e+01
5.124822060953972169e+01
4.748419951023411301e+01
5.692693706613973603e+01
5.001324066836217952e+01
0.000000000000000000e+00
0.000000000000000000e+00
4.218557288906217195e+01
4.940681105013333507e+01
6.218960832676749106e+01
0.000000000000000000e+00
4.498156108151303556e+01
0.000000000000000000e+00
0.000000000000000000e+00
0.000000000000000000e+00
4.792921420629127738e+01
0.000000000000000000e+00
4.159406612127736480e+01
4.734790456241654510e+01
6.038287165059492878e+01
4.733284343323356325e+01
5.714755716876214819e+01
5.502297389015940610e+01
0.000000000000000000e+00
5.088244293480046565e+01
4.250470124490737334e+01
5.032775903747097601e+01
3.660251574212826853e+01
4.176280766124575194e+01
5.116224154906679189e+01
4.757473602279143421e+01
0.000000000000000000e+00
0.000000000000000000e+00
4.715663117058068110e+01
0.000000000000000000e+00
4.713124021499758243e+01
0.000000000000000000e+00
5.174593087615076570e+01
4.971812139748165293e+01
0.000000000000000000e+00
0.000000000000000000e+00
5.407790147431293803e+01
4.511136338586906902e+01
0.000000000000000000e+00
5.290265628647014040e+01
5.395625652801587080e+01
6.305719219561349576e+01
4.188128229238775191e+01
3.982118310748901280e+01
5.246520138909697550e+01
5.023340759172539549e+01
4.513173018465426622e+01
4.002580799141982482e+01
0.000000000000000000e+00
4.921482790291274512e+01
0.000000000000000000e+00
4.367816035258756813e+01
0.000000000000000000e+00
0.000000000000000000e+00
0.000000000000000000e+00
5.518410867175013124e+01
0.000000000000000000e+00
5.679708354531506131e+01
0.000000000000000000e+00
4.608159876308702962e+01
4.197849188083759486e+01
0.000000000000000000e+00
4.601699340672703187e+01
4.137829413733413020e+01
0.000000000000000000e+00
4.318791007295157414e+01
4.224231068500572661e+01
4.742331604428499503e+01
0.000000000000000000e+00
5.945080200485707422e+01
4.361522847073472064e+01
4.542124948600286416e+01
0.000000000000000000e+00
3.977123031799963826e+01
5.525157602695054493e+01
4.910303777743520470e+01
0.000000000000000000e+00
6.378092841577500138e+01
4.495543778015625236e+01
3.920663849604936502e+01
4.565692405838259305e+01
4.598436255543223439e+01
4.222840377988775629e+01
4.644110384241029976e+01
0.000000000000000000e+00
0.000000000000000000e+00
5.012610944865221541e+01
5.476033403282090006e+01
5.070460135801082657e+01
5.241042311615250071e+01
6.614844454717918154e+01
0.000000000000000000e+00
0.000000000000000000e+00
3.618331147504884626e+01
4.621847282972628079e+01
5.997930332933032105e+01
0.000000000000000000e+00
0.000000000000000000e+00
4.324883666942994864e+01
0.000000000000000000e+00
4.150733823551837531e+01
5.605502697537979628e+01
4.496714888757355055e+01
5.656833304911035754e+01
0.000000000000000000e+00
0.000000000000000000e+00
4.617576799399424203e+01
3.679866994314453166e+01
5.056442501885573648e+01
5.483023420304948559e+01
0.000000000000000000e+00
5.350644366594096368e+01
4.054864952603183781e+01
4.505562718391239230e+01
4.257420448785101286e+01
0.000000000000000000e+00
5.112558186108802971e+01
3.922130141702435679e+01
4.153639946388118886e+01
4.259120605362735290e+01
4.362783387079606001e+01
0.000000000000000000e+00
0.000000000000000000e+00
4.641877837086476433e+01
4.399502499157020452e+01
4.523605384459058598e+01
0.000000000000000000e+00
5.957078997871172987e+01
0.000000000000000000e+00
0.000000000000000000e+00
6.026350304858572571e+01
0.000000000000000000e+00
3.702378067719502042e+01
4.885895305267212052e+01
4.020942861471136354e+01
0.000000000000000000e+00
4.877985654333035370e+01
4.808037074410887612e+01
0.000000000000000000e+00
4.837788704945035079e+01
4.601690860918161974e+01
4.993749091200968593e+01
0.000000000000000000e+00
0.000000000000000000e+00
0.000000000000000000e+00
0.000000000000000000e+00
5.237742033745909964e+01
0.000000000000000000e+00
5.134229345164935410e+01
5.379565468365963454e+01
0.000000000000000000e+00
3.937890420390101553e+01
0.000000000000000000e+00
5.196646269844654142e+01
0.000000000000000000e+00
0.000000000000000000e+00
3.756006397734335422e+01
5.291909154901758683e+01
4.847906154612709884e+01
0.000000000000000000e+00
3.722959395309651143e+01
0.000000000000000000e+00
0.000000000000000000e+00
5.759695820082037443e+01
0.000000000000000000e+00
0.000000000000000000e+00
0.000000000000000000e+00
7.105565239838229274e+01
0.000000000000000000e+00
5.824306116877318118e+01
4.440962164624252750e+01
0.000000000000000000e+00
0.000000000000000000e+00
0.000000000000000000e+00
0.000000000000000000e+00
5.486840992853694132e+01
4.367816035258756813e+01
4.721768026078623848e+01
0.000000000000000000e+00
4.167537306376013362e+01
5.565435681545542934e+01
5.290697346505701404e+01
0.000000000000000000e+00
6.522285067934593883e+01
2.263500149518360516e+01
3.972112956880148715e+01
4.371473423928514990e+01
3.928843236316883747e+01
0.000000000000000000e+00
0.000000000000000000e+00
5.245438494799387286e+01
4.277226286021488733e+01
0.000000000000000000e+00
4.699559148017520016e+01
0.000000000000000000e+00
3.811133880439231802e+01
4.674145889932652409e+01
4.416138030650204627e+01
4.594536305810775900e+01
4.516613189368360537e+01
4.309391246448757329e+01
3.942189428757142622e+01
5.088167935405628839e+01
3.858881251154607384e+01
4.635736579243030064e+01
4.239229535739026744e+01
5.328630321079351262e+01
4.739801046294381592e+01
0.000000000000000000e+00
4.224231068500572661e+01
4.621137974975408014e+01
3.535225982284097057e+01
4.778803144639771006e+01
5.186847620497056255e+01
4.397191491195283675e+01
6.093694095250246789e+01
5.843779628931850567e+01
3.949152469493827766e+01
5.443418214155911983e+01
4.771980041397577565e+01
0.000000000000000000e+00
5.029009168997404799e+01
5.477502283743065448e+01
4.267692270906434970e+01
4.244671849650546136e+01
0.000000000000000000e+00
0.000000000000000000e+00
6.257891458302741938e+01
0.000000000000000000e+00
0.000000000000000000e+00
0.000000000000000000e+00
3.318947076107366456e+01
0.000000000000000000e+00
3.823676732644852194e+01
0.000000000000000000e+00
9.399418098737307048e+01
5.233830602178784375e+01
5.546234042259047925e+01
0.000000000000000000e+00
4.545784744954448087e+01
0.000000000000000000e+00
3.503866862586089326e+01
4.313229504023580319e+01
4.131889765723484231e+01
4.103254586542216487e+01
4.976130171404032154e+01
0.000000000000000000e+00
4.912500254792638543e+01
3.932659930512438251e+01
4.598585972141611222e+01
0.000000000000000000e+00
4.880299676902576778e+01
0.000000000000000000e+00
4.550510878875731891e+01
5.329338045024968551e+01
4.206453111721198468e+01
0.000000000000000000e+00
0.000000000000000000e+00
4.547991392007840261e+01
5.479974409852399475e+01
5.930105569139892197e+01
5.088818886527729290e+01
3.423937978619951394e+01
4.458592781846026298e+01
4.767679138124822202e+01
6.699763508225002795e+01
4.691585038748671366e+01
3.627621041344913522e+01
4.668576804399948088e+01
3.888259061138055728e+01
0.000000000000000000e+00
0.000000000000000000e+00
5.022883483486160117e+01
3.739267242754183229e+01
4.648034435645954687e+01
6.196415916009088676e+01
6.178898809453473007e+01
0.000000000000000000e+00
0.000000000000000000e+00
4.787667642812500191e+01
4.037153734062580668e+01
6.269976468090446531e+01
4.861421938300964740e+01
4.677722870421334989e+01
3.536705917290200318e+01
0.000000000000000000e+00
4.910148170045426497e+01
3.401247346103426139e+01
5.273066079981453669e+01
4.305058396728290404e+01
0.000000000000000000e+00
2.813128603550983087e+01
0.000000000000000000e+00
4.180780960689665449e+01
0.000000000000000000e+00
0.000000000000000000e+00
0.000000000000000000e+00
3.149704308044165657e+01
6.086873761051516851e+01
4.212841949394643137e+01
0.000000000000000000e+00
5.415270182536161769e+01
3.763351085765474124e+01
4.487216628183803380e+01
4.823012149061787568e+01
4.085293076006375657e+01
0.000000000000000000e+00
5.132035716074821607e+01
0.000000000000000000e+00
6.577345655675458147e+01
0.000000000000000000e+00
4.005483987198564932e+01
0.000000000000000000e+00
0.000000000000000000e+00
0.000000000000000000e+00
3.871473120609079643e+01
0.000000000000000000e+00
3.690540461476996370e+01
4.524704303753548373e+01
3.189120364077621872e+01
5.040076698671158084e+01
3.940534754917953819e+01
4.979845187008223917e+01
5.330484416623440325e+01
4.180780960689665449e+01
5.595355433300261438e+01
0.000000000000000000e+00
0.000000000000000000e+00
6.310122420761215523e+01
4.582124937647420637e+01
0.000000000000000000e+00
0.000000000000000000e+00
4.233708418171025301e+01
5.396127668580405157e+01
3.978338594509486370e+01
4.800953092815377943e+01
6.063291319755683872e+01
4.575147676487758730e+01
3.775268926126729951e+01
6.327980347898009938e+01
4.825080252851977036e+01
4.787275564505021208e+01
0.000000000000000000e+00
0.000000000000000000e+00
0.000000000000000000e+00
6.318205934131023582e+01
5.755851789146996111e+01
5.360377024616063579e+01
5.347775104311735817e+01
3.518099487804402514e+01
4.600730371237778371e+01
3.343031991699126593e+01
0.000000000000000000e+00
6.065042963569721479e+01
6.662518451414952381e+01
3.758744351330872036e+01
6.209658556790130035e+01
0.000000000000000000e+00
0.000000000000000000e+00
0.000000000000000000e+00
4.830181668002468598e+01
0.000000000000000000e+00
4.825072394159376188e+01
5.090127903093661388e+01
4.362803128551439613e+01
0.000000000000000000e+00
4.677722870421334989e+01
0.000000000000000000e+00
4.208141229958820873e+01
5.468638707081834838e+01
4.870213764350477703e+01
0.000000000000000000e+00
0.000000000000000000e+00
0.000000000000000000e+00
5.279435479961966138e+01
5.088244293480046565e+01
3.629295395232373522e+01
5.340881608958820692e+01
0.000000000000000000e+00
5.512350661082423642e+01
5.862078363231844236e+01
5.378008212657093878e+01
0.000000000000000000e+00
0.000000000000000000e+00
4.759275358458409499e+01
0.000000000000000000e+00
4.870213764350477703e+01
4.228715092237832351e+01
5.564953287001315374e+01
4.363619488145951664e+01
5.320864950900713097e+01
5.620026495896900087e+01
4.669395642055643947e+01
3.932002978783888381e+01
4.610823154100956600e+01
4.676338785001035347e+01
5.113159333986747868e+01
0.000000000000000000e+00
3.401247346103426139e+01
3.816811859605132184e+01
4.804490312662001372e+01
4.401814261212071955e+01
4.070395794028248559e+01
5.319690957073924409e+01
5.349409772408174035e+01
5.002600932161551128e+01
0.000000000000000000e+00
0.000000000000000000e+00
5.312022363985512641e+01
4.058888654618806413e+01
0.000000000000000000e+00
5.683942694760445846e+01
3.773680078632266088e+01
0.000000000000000000e+00
3.041831152127784321e+01
3.353681378531135238e+01
4.124054926408027200e+01
4.484016204328152355e+01
0.000000000000000000e+00
3.830575437957961782e+01
4.052693481489347960e+01
4.727068729750692455e+01
4.988190718225344256e+01
5.073161349591699576e+01
0.000000000000000000e+00
3.739267242754183229e+01
6.293517718068780198e+01
0.000000000000000000e+00
4.988642223183624225e+01
0.000000000000000000e+00
4.728651730387631602e+01
0.000000000000000000e+00
4.752249229194033120e+01
5.934516995546886164e+01
4.121346139168402800e+01
4.752249229194033120e+01
4.962331570527335600e+01
0.000000000000000000e+00
4.572640781890258665e+01
0.000000000000000000e+00
3.133036999827722724e+01
4.163420573269988267e+01
6.102267227948083672e+01
0.000000000000000000e+00
0.000000000000000000e+00
4.459587961514703380e+01
0.000000000000000000e+00
4.440217539660398671e+01
3.886574732189116332e+01
5.274278112581519196e+01
4.220869506001820071e+01
4.492145275936957916e+01
0.000000000000000000e+00
3.994119531076524510e+01
5.230550427250838652e+01
5.590906514701627117e+01
5.356855954635078376e+01
6.102267227948083672e+01
0.000000000000000000e+00
5.200347584923165556e+01
4.664522785246025194e+01
6.213018000014676545e+01
3.613652036601412476e+01
0.000000000000000000e+00
0.000000000000000000e+00
5.143883233400063659e+01
4.454318854576099085e+01
0.000000000000000000e+00
3.489176027804321478e+01
4.768551602766333275e+01
5.805415983505453426e+01
0.000000000000000000e+00
0.000000000000000000e+00
0.000000000000000000e+00
5.852853481480712361e+01
4.360895180870740262e+01
4.565396642811480632e+01
5.746552316711792230e+01
5.488881333414458652e+01
0.000000000000000000e+00
0.000000000000000000e+00
0.000000000000000000e+00
4.938575673184163151e+01
5.945544786319518238e+01
5.590906514701627117e+01
3.812920507689582195e+01
4.284054128133175254e+01
5.590906514701627117e+01
4.877770251873374008e+01
4.360357433663536142e+01
6.215720136821326491e+01
4.967228792316319641e+01
0.000000000000000000e+00
4.590344214263691214e+01
6.396753286763554058e+01
7.173907413524702292e+01
4.563546889010386565e+01
0.000000000000000000e+00
0.000000000000000000e+00
5.710073808575837262e+01
0.000000000000000000e+00
4.538276065673299797e+01
5.185165143291369816e+01
4.563546889010386565e+01
0.000000000000000000e+00
5.357118544150197437e+01
5.257571786332907493e+01
4.202970682156346527e+01
6.293517718068780198e+01
4.791107261528967598e+01
4.598737480373112163e+01
4.333079005526818150e+01
0.000000000000000000e+00
4.030853538309420259e+01
3.920723736661179259e+01
0.000000000000000000e+00
0.000000000000000000e+00
4.325328877147355655e+01
5.609892741935640714e+01
0.000000000000000000e+00
5.533492363255344060e+01
0.000000000000000000e+00
0.000000000000000000e+00
5.609892741935640714e+01
4.010354079861728849e+01
4.010300544134592826e+01
4.257114751343937797e+01
4.884892958897589921e+01
0.000000000000000000e+00
6.125382246943279085e+01
0.000000000000000000e+00
6.368317894984608074e+01
4.506286991438703637e+01
6.598342631682132264e+01
0.000000000000000000e+00
6.328439244128750829e+01
4.045673840872420612e+01
5.756833687066604455e+01
5.811308398906395212e+01
4.549130842895312554e+01
0.000000000000000000e+00
4.565224163092624110e+01
5.457827309442072306e+01
5.150017320395475195e+01
4.970832327416027141e+01
4.163346536986805546e+01
4.299693748791472814e+01
0.000000000000000000e+00
0.000000000000000000e+00
4.414543964013358135e+01
4.221103204608630222e+01
4.613547118631630184e+01
5.884699810068676129e+01
4.845960380917085075e+01
0.000000000000000000e+00
0.000000000000000000e+00
0.000000000000000000e+00
0.000000000000000000e+00
0.000000000000000000e+00
0.000000000000000000e+00
4.319559723248617900e+01
4.587547377025735784e+01
5.406762918661348039e+01
6.227497980621281926e+01
4.932526408882846169e+01
5.357660628412382664e+01
4.906743936036154707e+01
4.928828608003723843e+01
4.444135638200364014e+01
5.573245260770754328e+01
4.892407232777502202e+01
4.958537110919890267e+01
0.000000000000000000e+00
5.134157874692705548e+01
3.756005833401783178e+01
6.037379967169162853e+01
5.288842799050988219e+01
5.007184077753115048e+01
4.749299143268307688e+01
4.548762443027669633e+01
6.480287283962739764e+01
4.204506064490250594e+01
0.000000000000000000e+00
0.000000000000000000e+00
4.682738747941778712e+01
4.754432324504868745e+01
5.593561213599560489e+01
4.017134538093087315e+01
4.539157022201313652e+01
4.148297538832530051e+01
0.000000000000000000e+00
4.832615072812909318e+01
5.134373975281273772e+01
4.974604234249776624e+01
5.315534512772374853e+01
4.940711140939910706e+01
0.000000000000000000e+00
4.300223127737690021e+01
3.998159162664260435e+01
5.500922902575917561e+01
5.692693706613973603e+01
0.000000000000000000e+00
4.752011105475112629e+01
4.716843682503853330e+01
0.000000000000000000e+00
4.192648037142428308e+01
5.188583803053575139e+01
0.000000000000000000e+00
0.000000000000000000e+00
0.000000000000000000e+00
3.983907813884084703e+01
4.714496310644263133e+01
0.000000000000000000e+00
5.253726314962288768e+01
0.000000000000000000e+00
5.218318226262786652e+01
4.665145902775318376e+01
5.544003741144761932e+01
4.724211157266038441e+01
3.883830334421291042e+01
4.357903464036974839e+01
4.578109971286419722e+01
0.000000000000000000e+00
4.955857323097861666e+01
5.445737894585585082e+01
3.840060265573544029e+01
0.000000000000000000e+00
5.230599537700707202e+01
0.000000000000000000e+00
4.206843411950030998e+01
4.413236538599713299e+01
4.791151439624244546e+01
4.661647430767840916e+01
3.705242753557932645e+01
5.336934478360533518e+01
4.456457080662675452e+01
5.108163335524078263e+01
0.000000000000000000e+00
5.101865476631800789e+01
4.312297235307334375e+01
4.781932969951638768e+01
0.000000000000000000e+00
4.561934271877716185e+01
0.000000000000000000e+00
5.398160229223066864e+01
4.433887812359764524e+01
4.612964133468950934e+01
3.753935581932478271e+01
5.072287173319676157e+01
0.000000000000000000e+00
4.412970802914399826e+01
4.163420573269988267e+01
0.000000000000000000e+00
6.294004416826670223e+01
3.784762873206992140e+01
4.753381972279097312e+01
0.000000000000000000e+00
3.993037334802964011e+01
3.796009005297304384e+01
4.539624727326947351e+01
0.000000000000000000e+00
0.000000000000000000e+00
5.289433217749465399e+01
4.912861488760415085e+01
5.302368159197585129e+01
5.148349246372263366e+01
5.752046437688859015e+01
0.000000000000000000e+00
0.000000000000000000e+00
0.000000000000000000e+00
0.000000000000000000e+00
0.000000000000000000e+00
4.967755689686105569e+01
0.000000000000000000e+00
5.654556004902208599e+01
0.000000000000000000e+00
4.243717009608952395e+01
4.984302436455478613e+01
4.916147010361274283e+01
4.742042693145327803e+01
6.130418378628338871e+01
4.381670300728313094e+01
3.796084953017009411e+01
0.000000000000000000e+00
0.000000000000000000e+00
0.000000000000000000e+00
4.749299143268307688e+01
4.566155914041382147e+01
5.136892398857218467e+01
4.955857323097861666e+01
5.521798607145390747e+01
5.126733132237706769e+01
4.201227869675770421e+01
4.581287242469965548e+01
5.330960243994537961e+01
4.842373490604811082e+01
4.217862351420114919e+01
0.000000000000000000e+00
0.000000000000000000e+00
0.000000000000000000e+00
5.118704314643327535e+01
5.303548081065144970e+01
0.000000000000000000e+00
4.225501191812275437e+01
4.700144527758361335e+01
3.694971673871985729e+01
3.708347440930112526e+01
4.500768479936682809e+01
5.883577300652910935e+01
4.236427936172631092e+01
0.000000000000000000e+00
0.000000000000000000e+00
4.993987689668651342e+01
5.263815928586563331e+01
0.000000000000000000e+00
4.955857323097861666e+01
4.343858951138813751e+01
4.159406612127736480e+01
6.108929942134996338e+01
4.890997005920739582e+01
4.244087980775282176e+01
0.000000000000000000e+00
4.279522309667183322e+01
4.319476040411443307e+01
3.937311448085115018e+01
4.215150527069324227e+01
0.000000000000000000e+00
4.053565313644460844e+01
3.965990940752799787e+01
0.000000000000000000e+00
4.309398643855840305e+01
5.804496864764572450e+01
4.479721084680118537e+01
0.000000000000000000e+00
4.407093071096669235e+01
0.000000000000000000e+00
0.000000000000000000e+00
4.362424095037899718e+01
4.066723027090110776e+01
5.987822315518425853e+01
0.000000000000000000e+00
0.000000000000000000e+00
5.496007320763547455e+01
5.022497471338321873e+01
6.790040454352180177e+01
3.890637001970634401e+01
5.137075790029480515e+01
5.249716087754559624e+01
0.000000000000000000e+00
3.629295395232373522e+01
0.000000000000000000e+00
0.000000000000000000e+00
4.477228362946438267e+01
4.615402315542534240e+01
4.875279942263022548e+01
4.330893848256653200e+01
0.000000000000000000e+00
0.000000000000000000e+00
3.993654971689332456e+01
3.972245940617754911e+01
3.796009005297304384e+01
4.280143675127845171e+01
3.904352339161266627e+01
5.449392116155259203e+01
5.299348495054314157e+01
3.675646398259799952e+01
0.000000000000000000e+00
0.000000000000000000e+00
4.851037250386159627e+01
0.000000000000000000e+00
5.949399626978459565e+01
0.000000000000000000e+00
6.787313451554229005e+01
0.000000000000000000e+00
4.293568583769199165e+01
0.000000000000000000e+00
4.293568583769199165e+01
4.615402315542534240e+01
4.437092612351886345e+01
0.000000000000000000e+00
3.785173621515608744e+01
5.225149991796836701e+01
4.767750109343771214e+01
4.214331817173553674e+01
0.000000000000000000e+00
4.781220438151579799e+01
5.323402470446130508e+01
5.097401773371438338e+01
3.963880680794878231e+01
3.881574288331422906e+01
0.000000000000000000e+00
0.000000000000000000e+00
6.329149195756422586e+01
0.000000000000000000e+00
5.304259533708798813e+01
0.000000000000000000e+00
0.000000000000000000e+00
0.000000000000000000e+00
0.000000000000000000e+00
5.031055483439080689e+01
4.540327887091713421e+01
4.436419569497547855e+01
4.263186031351927596e+01
7.057846111175526005e+01
5.120852382841978567e+01
4.547421723470897348e+01
0.000000000000000000e+00
3.982118310748901280e+01
4.897291996069790088e+01
0.000000000000000000e+00
3.926098744768152216e+01
4.513100412116175164e+01
4.949159181717912048e+01
5.278055770835323557e+01
0.000000000000000000e+00
0.000000000000000000e+00
4.139186271121759120e+01
5.285132035560035035e+01
5.304259533708798813e+01
4.382554070119719825e+01
5.549406015751752363e+01
5.534600822480889093e+01
4.618316525961550667e+01
5.518684767495550858e+01
0.000000000000000000e+00
0.000000000000000000e+00
0.000000000000000000e+00
0.000000000000000000e+00
4.948400906727113124e+01
4.277226286021488733e+01
4.350287273591571591e+01
4.618229485752244301e+01
4.626526952537112436e+01
4.174486955968232138e+01
0.000000000000000000e+00
0.000000000000000000e+00
5.948303270169273560e+01
4.214869404364709737e+01
0.000000000000000000e+00
3.765856391102345668e+01
4.677722870421334989e+01
4.928828608003723843e+01
0.000000000000000000e+00
6.093556110822839145e+01
5.292023262063036526e+01
0.000000000000000000e+00
4.370695445419577396e+01
6.437012778812136560e+01
6.498399506379632840e+01
5.369349601678627693e+01
0.000000000000000000e+00
4.099196890871697008e+01
5.534593225350423040e+01
4.295580099080684988e+01
5.236367228484380831e+01
4.830010486933433356e+01
3.416105091624591239e+01
4.389769057804763008e+01
5.465356199815487059e+01
5.019655379681408647e+01
0.000000000000000000e+00
0.000000000000000000e+00
5.287347723584680637e+01
0.000000000000000000e+00
4.430491550205127282e+01
0.000000000000000000e+00
4.216159247900893803e+01
4.267737213744100444e+01
5.091618276278477850e+01
4.536595032741885092e+01
4.100053130662728051e+01
5.345836024301640776e+01
5.191089560106775735e+01
5.167030415796403275e+01
5.336456849244071066e+01
4.710131653306771682e+01
0.000000000000000000e+00
4.819020551462987356e+01
4.619152112370613850e+01
5.163769575726593786e+01
5.517081604933866146e+01
0.000000000000000000e+00
5.154147814063355071e+01
4.800309507239247608e+01
4.073280345091011867e+01
5.591576161123145994e+01
3.885405634821990617e+01
5.554617762778013201e+01
5.212938545657947742e+01
4.971264435029031148e+01
0.000000000000000000e+00
0.000000000000000000e+00
4.958537110919890267e+01
7.724167512944134728e+01
4.092259298339057239e+01
4.611321011615395804e+01
0.000000000000000000e+00
4.809211696810613290e+01
0.000000000000000000e+00
4.728428804775769834e+01
0.000000000000000000e+00
5.627571514395420849e+01
0.000000000000000000e+00
5.617443552109133265e+01
6.076590938412760323e+01
5.820359417808001723e+01
0.000000000000000000e+00
5.073421678177739125e+01
5.309490845406756421e+01
4.185188419568147111e+01
0.000000000000000000e+00
0.000000000000000000e+00
5.194929479949777829e+01
4.632079960073805580e+01
0.000000000000000000e+00
0.000000000000000000e+00
4.124871857030650091e+01
4.741042864477586249e+01
5.915680004479035148e+01
0.000000000000000000e+00
0.000000000000000000e+00
4.736883633661170023e+01
0.000000000000000000e+00
5.865003767354796338e+01
5.378052605062843838e+01
5.027930583921718721e+01
0.000000000000000000e+00
5.821034505329294007e+01
5.086320025757900254e+01
5.705767830708388288e+01
5.714782134122248891e+01
0.000000000000000000e+00
0.000000000000000000e+00
0.000000000000000000e+00
4.967973934012760395e+01
0.000000000000000000e+00
5.590906514701627117e+01
4.680513423647692406e+01
0.000000000000000000e+00
4.236318207467856922e+01
5.162408759082667586e+01
4.658368148210817594e+01
4.877647348245366032e+01
6.257891458302741938e+01
5.224530764469145083e+01
0.000000000000000000e+00
0.000000000000000000e+00
5.859596319095510353e+01
4.978704133296827905e+01
5.447789738648447155e+01
0.000000000000000000e+00
4.619609997034427806e+01
0.000000000000000000e+00
0.000000000000000000e+00
5.755851789146996111e+01
5.481547957557818762e+01
0.000000000000000000e+00
4.954859857245478594e+01
0.000000000000000000e+00
4.887330921776591452e+01
5.262976755108746829e+01
4.700195884089414022e+01
0.000000000000000000e+00
4.843078418511073124e+01
5.176514382873291709e+01
4.639415540257006398e+01
4.647740665824023409e+01
0.000000000000000000e+00
0.000000000000000000e+00
4.326773404467635231e+01
0.000000000000000000e+00
0.000000000000000000e+00
4.837725913337145300e+01
5.826940114478175303e+01
4.657822307541758278e+01
6.133479700663449563e+01
0.000000000000000000e+00
0.000000000000000000e+00
0.000000000000000000e+00
4.264042153055410012e+01
4.112824968288408911e+01
4.990913876614220612e+01
4.868976587366105946e+01
5.199933561739118204e+01
4.390546647917460632e+01
0.000000000000000000e+00
0.000000000000000000e+00
5.743793432747909122e+01
0.000000000000000000e+00
5.261359683555775035e+01
0.000000000000000000e+00
0.000000000000000000e+00
5.176514382873291709e+01
6.004872258143391406e+01
4.597899719996453172e+01
4.552622263667757352e+01
5.044121662102137549e+01
4.313204679166928202e+01
5.880657291417809773e+01
5.884812538849848096e+01
4.292490323404659591e+01
5.980105630333606825e+01
5.468845942140890770e+01
5.208723348631653494e+01
0.000000000000000000e+00
0.000000000000000000e+00
4.800930989089960832e+01
6.257162895579892847e+01
0.000000000000000000e+00
0.000000000000000000e+00
0.000000000000000000e+00
5.044121662102137549e+01
0.000000000000000000e+00
3.660077646287694364e+01
0.000000000000000000e+00
0.000000000000000000e+00
4.529919140579457348e+01
4.823849802479767845e+01
6.594681549786452024e+01
5.673637357252964364e+01
0.000000000000000000e+00
5.256099374862490947e+01
3.775611447721755809e+01
0.000000000000000000e+00
0.000000000000000000e+00
5.361548699580671951e+01
3.904379228921864353e+01
5.714922964563395880e+01
0.000000000000000000e+00
4.876025909706343953e+01
5.653438033444080446e+01
3.836619520447922582e+01
0.000000000000000000e+00
5.225426738124201620e+01
0.000000000000000000e+00
5.829233646298264659e+01
3.949152469493827766e+01
0.000000000000000000e+00
4.677420984236947277e+01
5.810637245185321831e+01
0.000000000000000000e+00
0.000000000000000000e+00
5.387884814956970558e+01
4.094993062395879946e+01
0.000000000000000000e+00
5.835470714076342347e+01
0.000000000000000000e+00
5.354982476377006861e+01
6.323849684419086259e+01
4.124356320604570669e+01
0.000000000000000000e+00
4.619458343603947270e+01
5.568490778485783466e+01
3.768391953845421938e+01
5.593561213599560489e+01
4.452515082065264096e+01
0.000000000000000000e+00
4.852431221612002332e+01
4.633228531948739715e+01
4.818377133340569429e+01
0.000000000000000000e+00
4.379347534094623740e+01
0.000000000000000000e+00
4.978519874431476921e+01
4.231426847874514152e+01
0.000000000000000000e+00
4.326643285665183214e+01
0.000000000000000000e+00
5.457837710990396118e+01
5.199824737857424850e+01
3.939632250770111455e+01
4.813251433980413196e+01
3.466491392865011534e+01
4.025420038652580246e+01
0.000000000000000000e+00
0.000000000000000000e+00
5.785816464623251676e+01
0.000000000000000000e+00
6.594681549786452024e+01
6.045736383148770443e+01
5.598702710223177093e+01
5.319690957073924409e+01
0.000000000000000000e+00
5.099860972020339744e+01
0.000000000000000000e+00
0.000000000000000000e+00
0.000000000000000000e+00
0.000000000000000000e+00
5.220337820598754064e+01
0.000000000000000000e+00
6.019173734481078952e+01
4.633133491089558476e+01
5.422655968434865770e+01
4.940459340068447602e+01
4.479721084680118537e+01
5.664524254887434296e+01
4.514326655797844978e+01
6.662391533297807200e+01
5.445345439614965244e+01
4.473280940671321559e+01
0.000000000000000000e+00
0.000000000000000000e+00
0.000000000000000000e+00
4.339030062978632429e+01
0.000000000000000000e+00
0.000000000000000000e+00
0.000000000000000000e+00
0.000000000000000000e+00
5.714755716876214819e+01
5.945080200485707422e+01
4.358778487188036621e+01
0.000000000000000000e+00
5.319690957073924409e+01
5.319690957073924409e+01
5.771650050481858329e+01
0.000000000000000000e+00
5.641642917599819640e+01
4.654888694980341768e+01
6.017165317362631072e+01
6.099244342931356044e+01
6.857942918327789528e+01
0.000000000000000000e+00
0.000000000000000000e+00
5.329746723219113846e+01
5.676267601889551173e+01
0.000000000000000000e+00
0.000000000000000000e+00
0.000000000000000000e+00
4.654888694980341768e+01
6.435028512456312910e+01
0.000000000000000000e+00
0.000000000000000000e+00
4.711678256010558385e+01
5.293633725878132879e+01
5.661474498495798002e+01
4.711678256010558385e+01
4.709391604013495680e+01
5.736002526357049902e+01
0.000000000000000000e+00
0.000000000000000000e+00
4.077271933494390765e+01
0.000000000000000000e+00
4.562948962695300992e+01
0.000000000000000000e+00
5.378500070769294439e+01
3.447983129693806603e+01
0.000000000000000000e+00
5.602993229803438879e+01
4.898802621102232280e+01
5.653910155677088767e+01
4.443381347668133685e+01
4.906820075482568910e+01
0.000000000000000000e+00
4.640629222554861855e+01
5.025047394865059402e+01
4.725287066631103983e+01
0.000000000000000000e+00
4.581583074075273743e+01
0.000000000000000000e+00
4.770865645493426399e+01
4.349042184409333345e+01
3.874925963849945987e+01
0.000000000000000000e+00
0.000000000000000000e+00
5.536362123294815518e+01
3.702943604838609559e+01
5.348708519894872637e+01
5.320644320062108790e+01
0.000000000000000000e+00
5.934516995546886164e+01
6.182823382953419866e+01
4.353927614551431446e+01
0.000000000000000000e+00
4.732674282409474387e+01
0.000000000000000000e+00
6.316590489635206751e+01
4.905236579863635882e+01
0.000000000000000000e+00
0.000000000000000000e+00
4.424734257015003891e+01
4.041570624857678240e+01
4.667407780384267113e+01
4.411008972080279733e+01
0.000000000000000000e+00
6.099244342931356044e+01
4.678759027384037950e+01
4.733776377489949283e+01
4.469962929850020572e+01
0.000000000000000000e+00
0.000000000000000000e+00
4.676826969918406007e+01
4.210078250594917648e+01
6.840012790542849075e+01
0.000000000000000000e+00
4.801315770582662878e+01
5.148643862532755833e+01
4.412054092355792534e+01
7.253268059888299035e+01
4.880979866548491231e+01
5.289820736417092917e+01
0.000000000000000000e+00
5.240632702209037319e+01
5.891435809741876284e+01
5.679656696778574343e+01
0.000000000000000000e+00
3.480538696058115988e+01
0.000000000000000000e+00
4.390086828522784401e+01
0.000000000000000000e+00
4.461812279562344941e+01
4.973573200633951075e+01
0.000000000000000000e+00
0.000000000000000000e+00
4.676655246408621025e+01
5.002600932161551128e+01
5.170083610964463361e+01
5.478827732098893932e+01
0.000000000000000000e+00
3.722885741866819131e+01
5.442352574921198993e+01
0.000000000000000000e+00
5.414373279557953822e+01
5.071430919543927018e+01
4.116566214874478646e+01
0.000000000000000000e+00
4.743819793326657930e+01
0.000000000000000000e+00
5.051074591328228536e+01
0.000000000000000000e+00
0.000000000000000000e+00
0.000000000000000000e+00
0.000000000000000000e+00
0.000000000000000000e+00
0.000000000000000000e+00
0.000000000000000000e+00
5.045629932512640181e+01
0.000000000000000000e+00
5.198203611481647357e+01
5.223180720382061537e+01
5.328103576820269183e+01
0.000000000000000000e+00
0.000000000000000000e+00
4.892284233165086249e+01
4.596989176526579257e+01
5.495603634843727292e+01
0.000000000000000000e+00
5.359792310116920078e+01
3.981776385703948762e+01
0.000000000000000000e+00
5.899323852344101482e+01
4.610823154100956600e+01
5.449380269492756668e+01
4.804490312662001372e+01
5.664524254887434296e+01
4.025420038652580246e+01
5.452233646375275100e+01
0.000000000000000000e+00
0.000000000000000000e+00
5.747882039546144739e+01
4.126573614842476445e+01
0.000000000000000000e+00
0.000000000000000000e+00
4.344366785603263281e+01
0.000000000000000000e+00
4.659903363571076085e+01
0.000000000000000000e+00
4.159406612127736480e+01
5.664524254887434296e+01
0.000000000000000000e+00
0.000000000000000000e+00
5.414839093751723453e+01
0.000000000000000000e+00
0.000000000000000000e+00
5.334996574495026067e+01
5.929100888843223771e+01
0.000000000000000000e+00
5.528540756870637551e+01
6.718580366959304229e+01
5.351080152725240424e+01
5.859864197566349020e+01
3.524229074759416847e+01
0.000000000000000000e+00
5.193586516292339184e+01
5.152621793142969864e+01
0.000000000000000000e+00
5.683942694760445846e+01
6.310078730132298830e+01
0.000000000000000000e+00
0.000000000000000000e+00
5.113112974133020572e+01
0.000000000000000000e+00
4.463084982770308784e+01
4.621847282972628079e+01
4.627985686457445524e+01
0.000000000000000000e+00
3.314319383025621590e+01
5.176826232727518828e+01
4.079898795488018948e+01
5.415166594119489218e+01
4.999639341700972039e+01
3.314319383025621590e+01
5.524327530775320838e+01
4.605792421359362976e+01
2.898337904237327933e+01
4.532004401517723124e+01
6.907629828146301065e+01
2.367377679399462309e+01
2.263500149518360516e+01
0.000000000000000000e+00
3.138449714205834695e+01
4.608600785892493690e+01
0.000000000000000000e+00
0.000000000000000000e+00
5.607872745654989188e+01
4.542144586194125111e+01
0.000000000000000000e+00
0.000000000000000000e+00
3.697252729401943583e+01
5.170720250744208357e+01
5.103282337615351594e+01
6.291881764389751197e+01
4.444396835905776300e+01
4.597739123101718661e+01
4.625188879793088148e+01
0.000000000000000000e+00
4.473278343807162116e+01
5.261615763154458136e+01
5.205498145578137326e+01
3.595424511961907399e+01
4.514966905154693677e+01
5.755851789146996111e+01
0.000000000000000000e+00
0.000000000000000000e+00
3.804975772119008326e+01
0.000000000000000000e+00
4.571860926797505442e+01
0.000000000000000000e+00
3.068382189331702747e+01
3.721168861196280631e+01
4.613839708147222041e+01
2.977393223509669440e+01
4.888263795612171236e+01
4.228715092237832351e+01
4.414020379484491485e+01
3.757893757148841019e+01
0.000000000000000000e+00
3.877573140942187280e+01
0.000000000000000000e+00
0.000000000000000000e+00
3.666169182910064706e+01
0.000000000000000000e+00
0.000000000000000000e+00
3.792657819613430803e+01
5.111132592121394680e+01
3.344226127997214348e+01
0.000000000000000000e+00
5.692725110654801313e+01
5.926568036244083260e+01
4.394155327269236011e+01
0.000000000000000000e+00
4.298178491814442737e+01
0.000000000000000000e+00
3.162986957838346314e+01
0.000000000000000000e+00
0.000000000000000000e+00
0.000000000000000000e+00
0.000000000000000000e+00
4.734517755073836298e+01
5.821034505329294007e+01
0.000000000000000000e+00
5.456470292897862606e+01
4.328534188999102383e+01
0.000000000000000000e+00
0.000000000000000000e+00
0.000000000000000000e+00
0.000000000000000000e+00
0.000000000000000000e+00
6.176589875414822473e+01
0.000000000000000000e+00
0.000000000000000000e+00
5.155124346888275966e+01
4.635439090835297549e+01
7.753020515700180226e+01
0.000000000000000000e+00
6.453044962201441592e+01
6.392893990177989139e+01
0.000000000000000000e+00
0.000000000000000000e+00
6.658855654103437871e+01
0.000000000000000000e+00
4.759194539402856350e+01
6.227497980621281926e+01
5.764618092788463599e+01
7.172861220031199991e+01
0.000000000000000000e+00
0.000000000000000000e+00
5.523649912119644512e+01
0.000000000000000000e+00
0.000000000000000000e+00
4.582124937647420637e+01
0.000000000000000000e+00
0.000000000000000000e+00
0.000000000000000000e+00
0.000000000000000000e+00
6.123417149516546232e+01
4.185129723419965586e+01
4.154395763120633944e+01
4.745952939236668300e+01
7.172861220031199991e+01
0.000000000000000000e+00
4.476676138391072612e+01
4.956149545409717661e+01
6.151781820155503766e+01
4.489995280384457033e+01
0.000000000000000000e+00
4.136075358711924821e+01
4.547421723470897348e+01
4.241335564671974367e+01
5.310317811790384468e+01
3.928301636973274924e+01
0.000000000000000000e+00
4.336788264202318999e+01
0.000000000000000000e+00
4.337258321195693611e+01
4.502248105392963140e+01
4.556003053788489865e+01
4.182958735502567293e+01
4.706822357340213614e+01
4.681536825207794550e+01
6.679627498198064472e+01
4.435708968669855068e+01
4.336788264202318999e+01
3.928301636973274924e+01
4.224327983646967510e+01
4.008976248000992371e+01
5.767193672930170578e+01
6.421590989847383923e+01
4.290797789465865719e+01
4.913636691641904974e+01
5.528363608142571906e+01
3.843481029334557775e+01
4.258176532757572375e+01
5.809770425376119363e+01
5.361761190104607522e+01
4.161358717429867937e+01
5.799917690177793617e+01
4.231189607688347820e+01
4.185869309330822574e+01
4.447279852213664242e+01
0.000000000000000000e+00
0.000000000000000000e+00
4.957299409247061561e+01
0.000000000000000000e+00
3.711429229458804002e+01
0.000000000000000000e+00
0.000000000000000000e+00
5.328630321079351262e+01
0.000000000000000000e+00
3.646827901415684892e+01
0.000000000000000000e+00
4.446714923495156313e+01
0.000000000000000000e+00
0.000000000000000000e+00
4.486637509307723803e+01
4.975742788672931027e+01
0.000000000000000000e+00
3.435207583590553071e+01
5.808418904458893905e+01
5.253558728802514111e+01
4.147904994076414198e+01
0.000000000000000000e+00
0.000000000000000000e+00
0.000000000000000000e+00
5.419962573734589029e+01
6.178898809453473007e+01
5.337184317125264954e+01
5.821832299347782680e+01
0.000000000000000000e+00
4.134029153185667127e+01
4.257354350765317719e+01
5.821832299347782680e+01
5.431765856225474209e+01
4.767134326213201234e+01
4.227067847625720987e+01
6.361641086944572976e+01
0.000000000000000000e+00
5.007123391909919263e+01
3.718113756650169677e+01
4.358713622562484602e+01
0.000000000000000000e+00
4.211994045230984085e+01
0.000000000000000000e+00
3.580951445060700422e+01
3.975882799838132087e+01
6.361641086944572976e+01
3.435207583590553071e+01
0.000000000000000000e+00
5.140318183210330005e+01
0.000000000000000000e+00
5.538448589346204187e+01
0.000000000000000000e+00
6.748059085449411043e+01
4.155896056151419771e+01
4.939331112713487215e+01
4.755811384935199015e+01
5.035705697345824206e+01
0.000000000000000000e+00
0.000000000000000000e+00
5.247417335578615649e+01
6.421590989847383923e+01
3.724391542668514887e+01
3.807541709957654774e+01
0.000000000000000000e+00
6.079849552163103965e+01
4.358713622562484602e+01
0.000000000000000000e+00
0.000000000000000000e+00
3.741275634689641549e+01
0.000000000000000000e+00
5.538448589346204187e+01
5.261747155057838654e+01
4.136135115232004722e+01
4.407766169220817432e+01
4.375754000322436355e+01
6.079849552163103965e+01
6.808558420630448893e+01
4.950920232438052437e+01
4.353000672854010844e+01
5.730892493768577367e+01
3.893476968209285616e+01
4.761915330638692723e+01
3.923270215856544496e+01
0.000000000000000000e+00
4.311300572306998191e+01
0.000000000000000000e+00
0.000000000000000000e+00
4.939331112713487215e+01
4.237438135948403328e+01
5.200644697496614555e+01
5.459526289476620775e+01
0.000000000000000000e+00
4.017147279782500391e+01
0.000000000000000000e+00
4.959043000732420836e+01
4.414275347247102843e+01
0.000000000000000000e+00
3.891337090197055204e+01
3.988595598669759568e+01
4.129197583529544602e+01
4.226629174630747343e+01
5.154896323864485197e+01
5.363383964802893900e+01
4.136135115232004722e+01
0.000000000000000000e+00
5.561980046598948491e+01
5.561980046598948491e+01
3.547428749054780184e+01
0.000000000000000000e+00
4.959043000732420836e+01
5.972686420309891986e+01
4.411008972080279733e+01
0.000000000000000000e+00
4.234669333680610492e+01
4.311300572306998191e+01
5.620745397971118251e+01
4.679571096246224471e+01
0.000000000000000000e+00
0.000000000000000000e+00
4.968982541059944680e+01
4.248257856045635350e+01
4.140145525200846066e+01
5.302576992901229858e+01
0.000000000000000000e+00
4.402619975648269701e+01
5.561980046598948491e+01
4.994576327330008070e+01
3.992732060429045049e+01
0.000000000000000000e+00
0.000000000000000000e+00
4.522523584680915576e+01
0.000000000000000000e+00
0.000000000000000000e+00
0.000000000000000000e+00
3.435207583590553071e+01
5.578110591881809199e+01
4.948768965492384808e+01
5.235530856211492789e+01
0.000000000000000000e+00
0.000000000000000000e+00
4.437597845100324889e+01
4.211994045230984085e+01
3.467775892032226182e+01
0.000000000000000000e+00
6.022307338491238937e+01
0.000000000000000000e+00
4.116566214874478646e+01
5.214690824082662601e+01
4.055883615507841000e+01
4.395866161902373648e+01
4.127377753293112761e+01
0.000000000000000000e+00
5.171684048047808346e+01
4.030242473845302698e+01
0.000000000000000000e+00
0.000000000000000000e+00
0.000000000000000000e+00
3.555179614082882722e+01
4.464259208111505473e+01
0.000000000000000000e+00
4.054941342483370903e+01
0.000000000000000000e+00
3.490170235684863087e+01
4.030242473845302698e+01
4.250015214917388562e+01
4.415599802961784093e+01
4.103716542419709867e+01
0.000000000000000000e+00
3.874715231115473557e+01
0.000000000000000000e+00
0.000000000000000000e+00
3.891009786617642163e+01
4.604376015932649580e+01
3.482790358131289565e+01
4.661505634995096869e+01
0.000000000000000000e+00
5.196875267326434056e+01
3.314801599885548455e+01
4.250978864767975551e+01
4.103716542419709867e+01
3.482790358131289565e+01
0.000000000000000000e+00
3.490170235684863087e+01
0.000000000000000000e+00
3.474965212095725775e+01
4.628400239402886029e+01
4.564771123193600033e+01
0.000000000000000000e+00
6.519722990126828677e+01
3.091381284413591501e+01
0.000000000000000000e+00
0.000000000000000000e+00
3.474965212095725775e+01
4.309391246448757329e+01
3.899571127100173840e+01
3.807318035000723455e+01
4.453809925046683560e+01
0.000000000000000000e+00
4.832244070468216535e+01
3.888259061138055728e+01
4.628400239402886029e+01
4.534240135779324277e+01
0.000000000000000000e+00
0.000000000000000000e+00
5.130772134503143178e+01
0.000000000000000000e+00
5.947427064304251587e+01
5.109151886398188225e+01
5.572303977415483445e+01
0.000000000000000000e+00
5.255505753087791732e+01
0.000000000000000000e+00
3.135128260929647226e+01
4.440229618746276685e+01
3.763653510247193879e+01
3.503866862586089326e+01
0.000000000000000000e+00
5.333410393566883556e+01
4.319985607043402354e+01
4.773514527767790838e+01
0.000000000000000000e+00
4.141299366215969258e+01
3.790753723510842121e+01
0.000000000000000000e+00
5.724634533435868633e+01
0.000000000000000000e+00
4.260489043530852626e+01
6.269938366233946425e+01
4.047743726648338480e+01
3.091381284413591501e+01
3.938802003338543756e+01
0.000000000000000000e+00
0.000000000000000000e+00
0.000000000000000000e+00
0.000000000000000000e+00
4.277918448770449800e+01
3.115877886156835785e+01
4.439835140520192880e+01
0.000000000000000000e+00
0.000000000000000000e+00
4.216966532861591332e+01
4.194873374264822274e+01
0.000000000000000000e+00
4.324552575270542576e+01
4.778479675148054184e+01
0.000000000000000000e+00
5.543719185572601305e+01
0.000000000000000000e+00
5.237829002943230705e+01
4.401019843467322090e+01
4.705730363846546993e+01
5.485793175020309320e+01
0.000000000000000000e+00
0.000000000000000000e+00
5.422522949906991130e+01
4.539428098457423744e+01
4.624483910113286100e+01
4.497927971908467981e+01
4.256813948044908358e+01
0.000000000000000000e+00
0.000000000000000000e+00
0.000000000000000000e+00
4.801707317991991175e+01
5.422522949906991130e+01
3.825291279159540636e+01
6.781225807386654481e+01
4.604370951557305602e+01
5.836073839884649317e+01
5.571688566857340419e+01
4.390527958757951410e+01
4.114928469744714334e+01
5.612401175104204043e+01
4.517586616302552471e+01
5.050411329942584615e+01
4.948812885396554861e+01
4.538704294545061657e+01
4.127510965401229726e+01
4.701954882351638076e+01
4.532253083278918382e+01
4.646651983887644377e+01
4.137060085338452353e+01
0.000000000000000000e+00
0.000000000000000000e+00
5.093754028175058579e+01
4.139435704871977606e+01
5.281719905832456874e+01
6.075446955110925273e+01
5.474618153228669826e+01
5.364619845099726803e+01
6.123183154497308323e+01
5.818585824158820685e+01
0.000000000000000000e+00
6.907629828146301065e+01
4.240963357446720039e+01
5.186835116471488760e+01
0.000000000000000000e+00
5.823226503877737770e+01
4.298544128004323284e+01
4.146251938125827508e+01
4.732426507603732091e+01
4.870088185998540808e+01
4.351455034198161798e+01
0.000000000000000000e+00
4.254164219110462852e+01
4.506505759745549256e+01
5.197691487406983413e+01
4.862211508078075894e+01
4.165269158540811389e+01
0.000000000000000000e+00
6.024046528036749493e+01
5.420472390674920860e+01
0.000000000000000000e+00
4.309885989953374974e+01
0.000000000000000000e+00
4.420778032744401287e+01
0.000000000000000000e+00
4.976173670044013164e+01
5.185376345327283332e+01
4.981737845081812566e+01
0.000000000000000000e+00
0.000000000000000000e+00
4.682916989862809487e+01
4.270383430403467173e+01
4.189788117410031987e+01
4.958516500062977883e+01
0.000000000000000000e+00
0.000000000000000000e+00
6.024046528036749493e+01
4.932859262773554576e+01
6.336052502563185840e+01
4.285676036128829480e+01
0.000000000000000000e+00
0.000000000000000000e+00
4.369487868840116107e+01
6.133479700663449563e+01
4.270383430403467173e+01
4.285676036128829480e+01
0.000000000000000000e+00
4.671255667714718385e+01
4.365739273756205563e+01
4.848150295096382933e+01
4.395941576422416830e+01
4.309885989953374974e+01
0.000000000000000000e+00
0.000000000000000000e+00
4.063993074598690924e+01
4.285676036128829480e+01
4.487137678818914566e+01
0.000000000000000000e+00
0.000000000000000000e+00
5.143094212567574175e+01
4.385294987330918559e+01
5.976216268712249757e+01
2.940733637304325754e+01
6.662391533297807200e+01
4.652281452653454608e+01
0.000000000000000000e+00
4.863692751862600971e+01
5.552172116936210955e+01
0.000000000000000000e+00
6.537285359127831441e+01
0.000000000000000000e+00
3.953459941165220215e+01
0.000000000000000000e+00
0.000000000000000000e+00
0.000000000000000000e+00
5.352078608230462464e+01
4.623017639855651595e+01
3.913974613059811958e+01
4.289324060006276795e+01
4.660513748713554349e+01
4.492498830618198014e+01
0.000000000000000000e+00
4.325328877147355655e+01
3.913974613059811958e+01
4.568284228972773064e+01
4.722354390003258118e+01
3.549853149979674782e+01
0.000000000000000000e+00
4.935676649938931604e+01
4.893545977133942415e+01
5.017054043140842623e+01
4.795834673321566299e+01
4.684074749800917914e+01
0.000000000000000000e+00
0.000000000000000000e+00
4.757473602279143421e+01
0.000000000000000000e+00
4.364168379718714164e+01
0.000000000000000000e+00
6.073053276860194671e+01
4.584430496931282306e+01
3.978248657918776132e+01
0.000000000000000000e+00
4.965802305594935007e+01
0.000000000000000000e+00
4.378661261256654313e+01
5.414929166262712812e+01
5.208762641006335059e+01
5.287850907848750381e+01
3.330328704959219266e+01
0.000000000000000000e+00
0.000000000000000000e+00
0.000000000000000000e+00
4.613337189345145362e+01
4.907056756344939430e+01
0.000000000000000000e+00
4.539199133599134939e+01
0.000000000000000000e+00
0.000000000000000000e+00
0.000000000000000000e+00
0.000000000000000000e+00
0.000000000000000000e+00
3.330328704959219266e+01
0.000000000000000000e+00
0.000000000000000000e+00
4.304752016937853654e+01
4.975742788672931027e+01
0.000000000000000000e+00
0.000000000000000000e+00
5.903393054739491674e+01
4.124871857030650091e+01
0.000000000000000000e+00
5.199853264582120005e+01
4.401468879444229998e+01
4.926176780033463842e+01
5.035541901187364289e+01
4.033519313002337725e+01
0.000000000000000000e+00
5.412233320229558586e+01
0.000000000000000000e+00
0.000000000000000000e+00
5.091436273726751693e+01
0.000000000000000000e+00
5.151815352980303686e+01
3.412400963382887653e+01
0.000000000000000000e+00
3.178911196626756563e+01
4.517586616302552471e+01
4.441744858912501570e+01
4.255442127346493209e+01
4.594851127026161919e+01
4.517436904931926733e+01
0.000000000000000000e+00
0.000000000000000000e+00
4.616598905563841981e+01
5.230864921924524680e+01
4.779081769245858879e+01
0.000000000000000000e+00
0.000000000000000000e+00
5.176429714060648735e+01
0.000000000000000000e+00
4.616598905563841981e+01
4.297723691552086933e+01
5.364619845099726803e+01
4.115170493842244781e+01
4.403503440046129924e+01
5.055506598629779802e+01
5.245791777274125423e+01
4.984372381771948568e+01
0.000000000000000000e+00
4.460004548976012728e+01
3.667524153999252690e+01
0.000000000000000000e+00
5.348666110580403910e+01
4.690246931966821364e+01
5.962182240675987543e+01
4.859750382776037014e+01
0.000000000000000000e+00
3.976062935250217834e+01
4.902131611279047263e+01
5.430947079441710201e+01
0.000000000000000000e+00
0.000000000000000000e+00
5.198503551452956373e+01
5.632656731922815396e+01
0.000000000000000000e+00
0.000000000000000000e+00
5.292926435552305264e+01
3.837372688814439670e+01
4.309491714924796213e+01
4.997963654763982078e+01
0.000000000000000000e+00
5.685447339068644368e+01
5.403770583296794427e+01
3.820260377862904022e+01
4.272889951001397435e+01
0.000000000000000000e+00
7.105565239838229274e+01
5.410277583319496131e+01
6.105875979058035341e+01
3.780552753293588353e+01
0.000000000000000000e+00
0.000000000000000000e+00
4.403407874107011111e+01
0.000000000000000000e+00
0.000000000000000000e+00
3.974456083459487843e+01
3.984895024778053596e+01
5.181562422382484101e+01
5.764025515901470698e+01
6.119956109916213194e+01
4.354406529610596266e+01
4.127510965401229726e+01
6.188313069791983878e+01
4.367802647300987928e+01
4.291676261661622505e+01
0.000000000000000000e+00
0.000000000000000000e+00
0.000000000000000000e+00
0.000000000000000000e+00
4.212841949394643137e+01
5.360151898209567634e+01
0.000000000000000000e+00
4.190298403600522192e+01
0.000000000000000000e+00
2.936636790239457184e+01
4.535867697764071949e+01
7.528152595404108638e+01
0.000000000000000000e+00
0.000000000000000000e+00
4.917578808401150070e+01
4.779195536383659260e+01
5.228129197980792497e+01
5.144291694018988892e+01
0.000000000000000000e+00
0.000000000000000000e+00
4.900557430199493325e+01
5.523465305391668068e+01
4.840591677297177853e+01
6.194264354150570284e+01
0.000000000000000000e+00
5.695843951347031009e+01
0.000000000000000000e+00
3.357525081910683440e+01
0.000000000000000000e+00
0.000000000000000000e+00
0.000000000000000000e+00
4.631544192441366903e+01
0.000000000000000000e+00
0.000000000000000000e+00
3.357525081910683440e+01
4.385956356203049467e+01
0.000000000000000000e+00
3.801134685243417266e+01
4.140535753420446952e+01
4.402682574986246777e+01
4.628856771067396636e+01
4.659955464155422078e+01
0.000000000000000000e+00
0.000000000000000000e+00
5.101650594362588009e+01
6.827931869474026882e+01
0.000000000000000000e+00
0.000000000000000000e+00
0.000000000000000000e+00
4.624726696685042526e+01
3.855758815846232324e+01
3.885405634821990617e+01
0.000000000000000000e+00
4.685634233294098294e+01
0.000000000000000000e+00
0.000000000000000000e+00
4.980755040864116978e+01
0.000000000000000000e+00
4.214930855967342183e+01
5.378990915355316105e+01
6.380905498591932457e+01
5.438216642964582803e+01
4.370261795439969177e+01
6.380905498591932457e+01
5.162527209115054916e+01
4.117632445108289119e+01
4.742042693145327803e+01
4.214930855967342183e+01
5.196234689109120808e+01
0.000000000000000000e+00
4.233978961756637460e+01
4.774989648819025234e+01
0.000000000000000000e+00
0.000000000000000000e+00
0.000000000000000000e+00
4.759181055677961325e+01
5.456856712552102096e+01
3.302535615387009926e+01
3.476579320464450262e+01
0.000000000000000000e+00
0.000000000000000000e+00
4.317561249824468916e+01
3.601612502123693815e+01
0.000000000000000000e+00
4.591500419772646069e+01
3.519779156211063764e+01
3.302535615387009926e+01
5.969734512677227656e+01
4.668576804399948088e+01
3.667186977088491773e+01
3.519779156211063764e+01
4.399546660183641222e+01
0.000000000000000000e+00
3.701759723730646101e+01
0.000000000000000000e+00
4.980755040864116978e+01
5.915333791896721038e+01
0.000000000000000000e+00
4.166960358460793401e+01
4.290397169130704924e+01
5.347333222333017488e+01
4.657522518657614796e+01
4.427977472327773256e+01
0.000000000000000000e+00
5.239375046194737706e+01
5.844070016878259111e+01
0.000000000000000000e+00
4.441689668548089287e+01
4.877647348245366032e+01
4.963752382850157119e+01
0.000000000000000000e+00
4.392572991699617546e+01
0.000000000000000000e+00
5.808418904458893905e+01
0.000000000000000000e+00
4.824685765619487654e+01
4.845684329366014964e+01
5.602993229803438879e+01
5.023403040402877195e+01
4.948400906727113124e+01
0.000000000000000000e+00
4.641877837086476433e+01
4.907313655689419818e+01
4.564574062927451337e+01
4.550510878875731891e+01
4.841569832572000820e+01
4.407766169220817432e+01
4.280487187246565384e+01
4.275763262999129921e+01
4.915774387448175275e+01
4.420778032744401287e+01
4.456457080662675452e+01
0.000000000000000000e+00
5.562037086102473893e+01
0.000000000000000000e+00
4.945100048668174963e+01
4.973329572133366128e+01
0.000000000000000000e+00
4.304137538591225365e+01
4.434295027951463197e+01
6.152159935687907932e+01
0.000000000000000000e+00
6.281405577376084182e+01
4.963241394497681824e+01
5.191090198364284447e+01
0.000000000000000000e+00
6.119956109916213194e+01
0.000000000000000000e+00
3.586776367133162324e+01
5.105583540023944522e+01
0.000000000000000000e+00
4.535867697764071949e+01
4.822057032909287955e+01
0.000000000000000000e+00
0.000000000000000000e+00
0.000000000000000000e+00
6.058426520120426773e+01
5.407635128246811718e+01
3.882093565671055302e+01
5.994673724967402961e+01
0.000000000000000000e+00
0.000000000000000000e+00
5.228848697192012906e+01
5.170485631595192899e+01
5.591576161123145994e+01
5.080772488935739517e+01
0.000000000000000000e+00
5.279552401571534404e+01
4.695624177114306264e+01
6.059417907356397848e+01
4.443835767586903529e+01
6.594681549786452024e+01
5.196646269844654142e+01
5.912334544166555617e+01
4.738158437434016435e+01
0.000000000000000000e+00
4.532253083278918382e+01
0.000000000000000000e+00
4.738158437434016435e+01
6.024046528036749493e+01
4.082085079864550892e+01
6.664484165049735509e+01
5.590071683910286282e+01
0.000000000000000000e+00
5.591576161123145994e+01
6.257891458302741938e+01
5.429325380525829559e+01
4.855121740035879441e+01
5.649459873905364304e+01
0.000000000000000000e+00
5.174593087615076570e+01
3.823738607214051655e+01
2.973559473505520145e+01
5.257553230941628897e+01
5.174593087615076570e+01
0.000000000000000000e+00
5.483254831633401238e+01
4.919349928595906363e+01
0.000000000000000000e+00
5.036638450971179282e+01
4.105574042254924194e+01
0.000000000000000000e+00
0.000000000000000000e+00
0.000000000000000000e+00
5.499329822061000783e+01
0.000000000000000000e+00
0.000000000000000000e+00
0.000000000000000000e+00
0.000000000000000000e+00
4.308646266223934163e+01
5.453932813347353914e+01
5.727726031320766253e+01
0.000000000000000000e+00
2.856269765615422074e+01
4.933408709204364584e+01
4.613288981758059748e+01
4.145046823917849821e+01
0.000000000000000000e+00
4.454318854576099085e+01
0.000000000000000000e+00
0.000000000000000000e+00
6.135790151368740197e+01
6.437012778812136560e+01
4.993489618583853229e+01
4.977431811550892604e+01
4.082085079864550892e+01
4.878676786659544717e+01
0.000000000000000000e+00
4.484071450618934307e+01
4.985103281566881606e+01
4.747541376175194472e+01
4.710165140134355255e+01
5.038716712785095098e+01
5.173627366853609288e+01
6.191513856656926862e+01
4.351520422201195260e+01
6.488704305506814762e+01
5.156011320550159382e+01
7.002272660127431436e+01
4.554851315351393737e+01
4.704397187341903930e+01
4.850220898742328046e+01
4.599630810446742402e+01
5.018262823781486759e+01
5.480683938878136274e+01
4.467983061672627798e+01
4.294149003016105581e+01
4.925638841618874153e+01
4.841264863470019009e+01
0.000000000000000000e+00
4.886626833219656874e+01
5.317425164866995857e+01
0.000000000000000000e+00
0.000000000000000000e+00
4.214598193446877872e+01
5.721889022764819543e+01
5.018262823781486759e+01
4.925638841618874153e+01
4.082983190088311432e+01
0.000000000000000000e+00
4.856772892874088399e+01
6.145540260656611053e+01
4.222504144712637952e+01
4.807159843410097722e+01
0.000000000000000000e+00
5.011823200357638797e+01
6.409648953996686771e+01
0.000000000000000000e+00
0.000000000000000000e+00
4.440344695608341397e+01
0.000000000000000000e+00
4.683057283754808964e+01
4.742054979088825917e+01
6.464304582022630541e+01
0.000000000000000000e+00
0.000000000000000000e+00
0.000000000000000000e+00
5.168962423067946332e+01
0.000000000000000000e+00
5.242971678407612757e+01
0.000000000000000000e+00
0.000000000000000000e+00
4.739330953610502917e+01
0.000000000000000000e+00
0.000000000000000000e+00
0.000000000000000000e+00
4.530694330680523763e+01
4.790833625797546347e+01
4.582124937647420637e+01
0.000000000000000000e+00
4.778026219915739858e+01
5.099986399744665277e+01
6.848441754412144178e+01
0.000000000000000000e+00
0.000000000000000000e+00
4.162869238133597349e+01
0.000000000000000000e+00
3.430409288748490582e+01
0.000000000000000000e+00
6.385423265259050396e+01
0.000000000000000000e+00
3.255867224850530306e+01
4.727890457528948787e+01
4.121224788154378160e+01
4.328156270113032633e+01
4.714196396814403300e+01
4.655375264240219479e+01
0.000000000000000000e+00
0.000000000000000000e+00
3.430409288748490582e+01
4.969973771067753177e+01
0.000000000000000000e+00
5.576381709967312617e+01
0.000000000000000000e+00
4.497968426925699958e+01
0.000000000000000000e+00
4.686645587141605773e+01
4.938930487780305612e+01
4.114612848594128991e+01
0.000000000000000000e+00
6.278651333212648211e+01
5.975140467316822424e+01
4.359340298878067443e+01
0.000000000000000000e+00
5.407320718737233278e+01
0.000000000000000000e+00
3.430409288748490582e+01
5.361761190104607522e+01
6.764449922930292303e+01
5.670000888252573645e+01
0.000000000000000000e+00
5.842953755625647716e+01
5.714782134122248891e+01
4.593207398680845444e+01
4.526728125024914817e+01
3.850060171512959784e+01
0.000000000000000000e+00
3.978868366663207468e+01
5.392818816607945820e+01
5.788513779119454483e+01
5.143887935271668255e+01
4.339636767594036826e+01
3.786639768846791299e+01
5.992182907739474018e+01
4.450523693307109596e+01
3.609319732465642261e+01
0.000000000000000000e+00
5.301350564738331173e+01
3.201417424843961612e+01
5.039134655640195604e+01
4.429971582097502392e+01
4.937734120022778939e+01
4.520811023870210477e+01
0.000000000000000000e+00
4.999206518630752072e+01
0.000000000000000000e+00
5.053853664868191231e+01
6.099758218515025021e+01
0.000000000000000000e+00
0.000000000000000000e+00
0.000000000000000000e+00
0.000000000000000000e+00
0.000000000000000000e+00
4.528897275667115707e+01
0.000000000000000000e+00
0.000000000000000000e+00
0.000000000000000000e+00
3.179652522393912761e+01
0.000000000000000000e+00
0.000000000000000000e+00
4.429971582097502392e+01
0.000000000000000000e+00
4.777822663643279100e+01
0.000000000000000000e+00
5.439466681164454087e+01
0.000000000000000000e+00
0.000000000000000000e+00
4.936448554256366350e+01
0.000000000000000000e+00
4.860952090810956605e+01
5.221656874933727721e+01
0.000000000000000000e+00
0.000000000000000000e+00
5.683481046145432458e+01
6.807117324908199407e+01
5.590547373311682122e+01
3.870150503053240953e+01
5.905383849761611259e+01
3.423937978619951394e+01
3.706753516365795775e+01
5.511721484028094409e+01
5.572125727494976388e+01
4.981718601625286169e+01
4.937387549676164866e+01
5.135633681357372637e+01
5.407635128246811718e+01
5.143407570343649837e+01
5.100836329513158063e+01
3.920723736661179259e+01
2.870837242297222502e+01
4.862883246387887226e+01
5.090729563414943470e+01
0.000000000000000000e+00
4.858466597439453949e+01
4.791491676841339853e+01
6.773074382094293355e+01
5.731689358505700937e+01
0.000000000000000000e+00
5.259246305431046409e+01
5.420843390575805643e+01
0.000000000000000000e+00
0.000000000000000000e+00
0.000000000000000000e+00
5.714782134122248891e+01
0.000000000000000000e+00
5.167005439550592882e+01
0.000000000000000000e+00
0.000000000000000000e+00
0.000000000000000000e+00
6.121963944127941204e+01
4.669665665047857317e+01
5.407635128246811718e+01
3.292583392751254223e+01
0.000000000000000000e+00
5.485056462961554047e+01
0.000000000000000000e+00
3.706753516365795775e+01
4.881467246857608444e+01
5.253542999995821106e+01
3.732440509741174850e+01
4.127813517833214263e+01
5.455768513524443364e+01
3.941458338014461305e+01
3.941458338014461305e+01
5.048300036197279184e+01
4.787149820225418750e+01
4.136092910206317441e+01
0.000000000000000000e+00
4.604327977607455580e+01
4.697934925709040499e+01
3.765856391102345668e+01
3.916445723147126046e+01
3.732440509741174850e+01
5.054620583371183784e+01
4.962861891185301033e+01
4.829171027004718297e+01
4.294642475002873994e+01
0.000000000000000000e+00
5.179132326693608945e+01
4.997963654763982078e+01
4.601997772843507306e+01
3.976637213132859472e+01
4.868014290806408439e+01
6.500869299059036166e+01
4.325772239285924314e+01
5.590105207125716191e+01
4.757641046435006160e+01
5.786384840599930612e+01
5.560675616934751275e+01
4.498631676424145809e+01
0.000000000000000000e+00
4.626932911675087468e+01
0.000000000000000000e+00
0.000000000000000000e+00
5.458952088353348842e+01
0.000000000000000000e+00
3.278057290041952143e+01
3.812920507689582195e+01
0.000000000000000000e+00
5.779018560224678680e+01
0.000000000000000000e+00
4.436178732595617191e+01
0.000000000000000000e+00
0.000000000000000000e+00
4.580057033596624194e+01
0.000000000000000000e+00
0.000000000000000000e+00
4.913973127389897400e+01
5.239052803438787720e+01
5.082171973309593227e+01
5.323482678223101772e+01
4.018307929384562271e+01
4.636820229916948222e+01
4.620427301420301092e+01
4.288060223755834244e+01
0.000000000000000000e+00
4.821994510293611569e+01
4.720055138879072132e+01
5.116547054505159053e+01
5.181868167266605951e+01
3.976637213132859472e+01
0.000000000000000000e+00
4.323738996701432313e+01
5.073325687794627470e+01
0.000000000000000000e+00
0.000000000000000000e+00
4.462934905791885143e+01
0.000000000000000000e+00
0.000000000000000000e+00
0.000000000000000000e+00
4.963241394497681824e+01
3.278057290041952143e+01
0.000000000000000000e+00
4.905432307662794500e+01
4.238990945634606078e+01
0.000000000000000000e+00
4.444211664855037469e+01
3.272837946134782783e+01
0.000000000000000000e+00
0.000000000000000000e+00
4.580081501746736450e+01
4.621847282972628079e+01
5.044831689352584903e+01
4.543336794696287484e+01
5.378550631348377209e+01
5.127722742964929381e+01
0.000000000000000000e+00
4.722264173837768908e+01
0.000000000000000000e+00
4.728428804775769834e+01
0.000000000000000000e+00
0.000000000000000000e+00
6.575354090381502203e+01
0.000000000000000000e+00
3.886574732189116332e+01
5.066438208391733866e+01
0.000000000000000000e+00
0.000000000000000000e+00
4.842057358841278614e+01
5.654793062453895658e+01
0.000000000000000000e+00
0.000000000000000000e+00
4.794874974095716169e+01
5.839024641102407287e+01
4.510276670116224551e+01
5.121924625808715348e+01
5.251705193517414472e+01
0.000000000000000000e+00
5.411486871099236851e+01
5.433622601751753223e+01
4.824438607927375955e+01
3.933590061908016366e+01
0.000000000000000000e+00
4.790784445621391541e+01
4.343467684552243924e+01
5.463650461238796652e+01
5.185294765093942715e+01
6.038773433426542425e+01
3.129100408514472420e+01
5.410251313843663468e+01
5.287347723584680637e+01
0.000000000000000000e+00
4.366665162652478216e+01
0.000000000000000000e+00
5.884605466832280740e+01
0.000000000000000000e+00
4.556003053788489865e+01
5.593861482147163144e+01
6.327980347898009938e+01
5.121924625808715348e+01
4.382137986542909402e+01
0.000000000000000000e+00
0.000000000000000000e+00
4.276590897019192994e+01
6.289359709166087242e+01
4.439835140520192880e+01
0.000000000000000000e+00
4.118168661325752566e+01
6.062793567374482961e+01
3.920225062417254946e+01
5.590449341064476840e+01
4.429462196994744971e+01
5.805664512604916894e+01
0.000000000000000000e+00
4.932033715711635580e+01
3.839036868618340748e+01
4.066723027090110776e+01
5.101121540789483078e+01
5.160576857276522134e+01
0.000000000000000000e+00
0.000000000000000000e+00
4.598839968552808699e+01
4.900236421512038021e+01
4.598839968552808699e+01
4.662466839813446029e+01
0.000000000000000000e+00
5.176514382873291709e+01
0.000000000000000000e+00
4.723051727648733333e+01
4.501354738237131414e+01
5.941420510720363524e+01
4.730681199444368445e+01
0.000000000000000000e+00
0.000000000000000000e+00
3.085399897123095059e+01
4.112404437011395686e+01
6.109995993763577360e+01
4.463749806933746811e+01
4.605792421359362976e+01
5.572832415825087793e+01
4.528124444241863955e+01
6.035640700422744231e+01
0.000000000000000000e+00
0.000000000000000000e+00
4.805032950123765545e+01
0.000000000000000000e+00
5.228129197980792497e+01
4.683857928262032289e+01
2.870837242297222502e+01
0.000000000000000000e+00
5.438683998325289792e+01
5.573477320531750934e+01
6.257118350325047373e+01
3.958163691869621914e+01
5.905022043288531108e+01
5.683598398011321962e+01
5.572389097217707388e+01
0.000000000000000000e+00
5.628724842605501522e+01
5.365975834630710750e+01
4.650499235094166295e+01
5.261359683555775035e+01
4.183728445978409383e+01
4.991646437982729623e+01
0.000000000000000000e+00
5.443418214155911983e+01
5.794367529122339278e+01
5.304099379092345146e+01
4.633228531948739715e+01
4.976173670044013164e+01
4.300577100153499543e+01
6.211680717434997234e+01
4.841918490874040515e+01
4.521249028996960817e+01
5.684170838357906774e+01
0.000000000000000000e+00
0.000000000000000000e+00
7.960680790881993119e+01
0.000000000000000000e+00
4.913973127389897400e+01
0.000000000000000000e+00
4.146518187422606871e+01
5.582884831056419017e+01
5.462421230406721406e+01
4.981737845081812566e+01
5.068108471655790481e+01
5.699238959972803542e+01
0.000000000000000000e+00
5.921706922957132946e+01
5.909978030412701600e+01
4.943248978690388640e+01
5.018928520502466029e+01
5.333707078812278013e+01
0.000000000000000000e+00
5.940005838900796675e+01
4.352905012340350055e+01
4.861421938300964740e+01
0.000000000000000000e+00
4.425879834372707933e+01
4.855463617921739683e+01
6.168716619405832091e+01
0.000000000000000000e+00
3.850403816013442793e+01
5.898852141868590593e+01
0.000000000000000000e+00
4.453027499817657286e+01
3.908905391791261508e+01
5.795820649516212342e+01
7.105565239838229274e+01
0.000000000000000000e+00
0.000000000000000000e+00
4.548386012731882033e+01
0.000000000000000000e+00
5.644371984574375034e+01
4.358600029456644620e+01
4.607102491618465478e+01
0.000000000000000000e+00
4.677225980517268056e+01
0.000000000000000000e+00
0.000000000000000000e+00
4.901029327532098279e+01
7.170435638114460630e+01
4.569165461980683318e+01
0.000000000000000000e+00
0.000000000000000000e+00
4.289747494706243458e+01
4.940737350034491016e+01
5.281719905832456874e+01
5.087052746355074362e+01
4.497968426925699958e+01
4.578918299074781117e+01
4.732069614115476242e+01
0.000000000000000000e+00
2.796078312157831647e+01
4.475995098686470186e+01
0.000000000000000000e+00
4.909463118224969236e+01
5.561952338352263325e+01
5.445260420944204327e+01
2.878633351867290102e+01
0.000000000000000000e+00
5.948321794317487132e+01
4.601148768295954739e+01
4.975687617048093614e+01
2.937821172178014706e+01
5.173708166199429570e+01
6.010074738055529053e+01
0.000000000000000000e+00
6.827931869474026882e+01
0.000000000000000000e+00
3.480052746241026540e+01
4.775655933662432062e+01
3.952624042540572447e+01
3.646875241796610823e+01
0.000000000000000000e+00
4.963228571850930138e+01
0.000000000000000000e+00
5.765674682389763461e+01
0.000000000000000000e+00
0.000000000000000000e+00
4.095373704446625851e+01
0.000000000000000000e+00
4.823426162801636963e+01
0.000000000000000000e+00
3.058636020913915843e+01
4.461812279562344941e+01
4.989328795103396175e+01
0.000000000000000000e+00
4.570018935671716065e+01
4.192648037142428308e+01
5.003579152448480016e+01
4.647740665824023409e+01
4.913973127389897400e+01
4.757231144070726003e+01
3.981201081956860577e+01
4.837869018655371889e+01
0.000000000000000000e+00
0.000000000000000000e+00
5.167030415796403275e+01
4.612493689046451806e+01
0.000000000000000000e+00
3.764594831682840237e+01
0.000000000000000000e+00
4.886574893104669570e+01
0.000000000000000000e+00
5.616682200231387867e+01
6.260915275807838043e+01
3.931447574426656644e+01
4.082870184445955175e+01
0.000000000000000000e+00
5.573477320531750934e+01
0.000000000000000000e+00
4.584561111606844008e+01
4.487870170705185302e+01
4.315147426473318859e+01
0.000000000000000000e+00
4.864434863488048677e+01
3.708347440930112526e+01
3.898759187040785434e+01
5.205832403471153214e+01
0.000000000000000000e+00
5.517081604933866146e+01
0.000000000000000000e+00
4.753126202245252330e+01
4.361405371811166276e+01
4.936885183594307591e+01
5.831191014588699062e+01
4.480631500659760746e+01
4.928764086128622068e+01
4.347895212026735123e+01
3.914977000100910942e+01
0.000000000000000000e+00
4.963038623850891184e+01
4.475089187143260716e+01
4.699490367188850826e+01
4.861188714502920760e+01
0.000000000000000000e+00
0.000000000000000000e+00
5.929100888843223771e+01
4.886170547347303028e+01
6.369356208812119746e+01
5.506599481223588555e+01
0.000000000000000000e+00
4.476676138391072612e+01
4.473742681470785953e+01
5.905022043288531108e+01
6.923532946639457464e+01
3.971727627650734860e+01
0.000000000000000000e+00
3.994480748249314672e+01
5.340464011455976845e+01
4.971100697817519887e+01
5.775658904487234935e+01
0.000000000000000000e+00
0.000000000000000000e+00
3.667186977088491773e+01
6.327436220789262933e+01
5.947248101759223715e+01
0.000000000000000000e+00
3.937751750480155977e+01
6.112320025035212012e+01
6.472284412872184589e+01
4.183728445978409383e+01
5.361761190104607522e+01
5.555382146705685642e+01
4.117632445108289119e+01
4.940835594846106460e+01
5.024034796877658948e+01
0.000000000000000000e+00
4.699490367188850826e+01
0.000000000000000000e+00
6.658855654103437871e+01
0.000000000000000000e+00
5.316830028036416422e+01
4.820257073188120955e+01
4.429577124520234577e+01
0.000000000000000000e+00
6.230732402411412352e+01
0.000000000000000000e+00
4.044782136833459418e+01
4.576278237364079615e+01
3.490002930243138479e+01
5.110665287105878463e+01
4.959649957167506784e+01
0.000000000000000000e+00
4.066723027090110776e+01
0.000000000000000000e+00
4.472167504092382728e+01
2.989644673637333838e+01
3.877965978800134650e+01
0.000000000000000000e+00
0.000000000000000000e+00
0.000000000000000000e+00
3.815825065018616158e+01
0.000000000000000000e+00
4.428001581423840349e+01
4.577942140251440861e+01
4.476676138391072612e+01
4.339989065694385317e+01
4.298125672634196093e+01
0.000000000000000000e+00
0.000000000000000000e+00
4.354730409988597017e+01
5.983447442471823763e+01
0.000000000000000000e+00
3.081376954527177858e+01
5.399250825888150018e+01
5.924636578374733631e+01
5.101650594362588009e+01
0.000000000000000000e+00
3.136025654937881768e+01
5.837184515872650081e+01
3.870319251265889449e+01
5.334962824832616235e+01
0.000000000000000000e+00
3.866738433794510144e+01
4.137060085338452353e+01
0.000000000000000000e+00
5.477656935533127580e+01
4.252104459393582658e+01
5.164415430474883095e+01
5.573245260770754328e+01
5.117591990609776076e+01
5.083682007499529476e+01
5.118281165395018917e+01
4.190697148456724364e+01
4.720288784077042266e+01
4.778109554864997932e+01
5.388056385515326951e+01
0.000000000000000000e+00
5.117591990609776076e+01
5.496704548684952130e+01
0.000000000000000000e+00
0.000000000000000000e+00
4.529152925906308980e+01
0.000000000000000000e+00
3.494390771304685472e+01
0.000000000000000000e+00
0.000000000000000000e+00
4.973896655095405350e+01
5.496704548684952130e+01
0.000000000000000000e+00
4.973896655095405350e+01
5.527400577496731415e+01
0.000000000000000000e+00
3.613887581566324769e+01
0.000000000000000000e+00
5.082410262342075669e+01
5.496704548684952130e+01
3.671079301025782371e+01
0.000000000000000000e+00
0.000000000000000000e+00
4.281430614923814204e+01
5.673898656381459205e+01
4.281430614923814204e+01
6.269976468090446531e+01
4.456206126096156339e+01
5.491141681857057932e+01
0.000000000000000000e+00
0.000000000000000000e+00
0.000000000000000000e+00
4.221103204608630222e+01
0.000000000000000000e+00
5.486202484071788632e+01
5.105857678868883198e+01
0.000000000000000000e+00
3.275272854061020666e+01
4.057969728796131648e+01
6.391612827270274977e+01
3.977456548421379523e+01
5.693832272280042162e+01
3.928850181682800269e+01
4.842234667517889335e+01
4.881467246857608444e+01
3.815037219201141028e+01
0.000000000000000000e+00
0.000000000000000000e+00
3.403879043616768740e+01
0.000000000000000000e+00
4.076361137088044018e+01
4.897721404408450496e+01
5.545308483444301828e+01
4.745952939236668300e+01
0.000000000000000000e+00
4.243841721854663263e+01
2.263500149518360516e+01
4.471945368617014793e+01
3.793439164958078180e+01
3.613887581566324769e+01
0.000000000000000000e+00
5.639491622371503610e+01
0.000000000000000000e+00
0.000000000000000000e+00
4.877985654333035370e+01
4.159793571571402993e+01
0.000000000000000000e+00
5.228129197980792497e+01
4.988813415605285684e+01
6.144659834786606467e+01
4.053565313644460844e+01
4.383318768497235851e+01
5.102448855164062991e+01
4.363945109965742830e+01
5.703204361233026276e+01
0.000000000000000000e+00
0.000000000000000000e+00
5.628572645905565963e+01
0.000000000000000000e+00
5.467955617135012858e+01
4.832988575821112676e+01
7.751619038575589116e+01
5.396449519812263418e+01
5.481547957557818762e+01
4.473278343807162116e+01
6.012789137159395381e+01
4.960811428695571124e+01
5.039399476093885255e+01
0.000000000000000000e+00
0.000000000000000000e+00
5.616894094698437101e+01
4.780645900583940033e+01
5.031526074869612586e+01
0.000000000000000000e+00
6.702095681830907381e+01
4.501354738237131414e+01
4.977431811550892604e+01
0.000000000000000000e+00
3.666502972108581559e+01
4.593207398680845444e+01
0.000000000000000000e+00
4.495543778015625236e+01
0.000000000000000000e+00
6.753350864623280359e+01
0.000000000000000000e+00
5.768586123865319593e+01
5.594036391636108618e+01
0.000000000000000000e+00
5.615198872283122711e+01
4.556990955326084247e+01
0.000000000000000000e+00
0.000000000000000000e+00
4.366927718649618839e+01
4.461035689510151769e+01
0.000000000000000000e+00
4.227749226394599447e+01
4.633604163088928374e+01
0.000000000000000000e+00
4.543169454607119917e+01
4.475089187143260716e+01
5.185425553425825740e+01
4.849564059290435836e+01
4.193446792705744741e+01
5.630022417346629737e+01
4.782978185444385844e+01
5.200604211149113354e+01
4.433474022837243922e+01
5.109151886398188225e+01
5.242170413366669379e+01
4.848790721079226529e+01
0.000000000000000000e+00
4.892407232777502202e+01
4.983514118335017429e+01
4.482685130846083865e+01
5.620673294637695960e+01
0.000000000000000000e+00
0.000000000000000000e+00
4.442197239697975419e+01
4.240770827279720834e+01
4.567691633480229996e+01
3.974641419169433476e+01
6.816192532472319954e+01
4.131056098558792655e+01
3.252177288102909358e+01
0.000000000000000000e+00
0.000000000000000000e+00
3.949152469493827766e+01
3.871179398216992951e+01
4.670857011082775045e+01
0.000000000000000000e+00
3.796009005297304384e+01
5.285132035560035035e+01
3.359451019626229851e+01
0.000000000000000000e+00
5.945080200485707422e+01
4.228715092237832351e+01
6.537285359127831441e+01
4.325814536571608215e+01
4.455256938406436262e+01
4.692781170028351312e+01
4.796047032063065529e+01
4.666680191792966070e+01
4.917805060921299543e+01
4.716230905410268548e+01
4.938575673184163151e+01
0.000000000000000000e+00
0.000000000000000000e+00
5.759695820082037443e+01
0.000000000000000000e+00
0.000000000000000000e+00
3.258897249356361669e+01
4.322710924918100517e+01
5.242170413366669379e+01
3.299209762967133486e+01
4.787667642812500191e+01
2.914155132439819695e+01
0.000000000000000000e+00
4.963038623850891184e+01
4.519634435303019870e+01
3.518099487804402514e+01
3.822562037046952099e+01
0.000000000000000000e+00
3.166987913370212127e+01
3.682853686873987442e+01
0.000000000000000000e+00
5.595355433300261438e+01
4.970832327416027141e+01
6.310122420761215523e+01
5.702628680869864297e+01
5.382773880369514075e+01
0.000000000000000000e+00
0.000000000000000000e+00
4.214869404364709737e+01
4.345290830614960242e+01
0.000000000000000000e+00
4.863918447812056911e+01
4.314694170158551856e+01
0.000000000000000000e+00
0.000000000000000000e+00
3.526078414877168399e+01
2.951883189759449522e+01
4.736883633661170023e+01
3.345634646110265464e+01
4.982672586710585705e+01
3.087140111847901380e+01
4.125761782650675968e+01
0.000000000000000000e+00
4.163346536986805546e+01
5.029027245849667338e+01
3.162281796959182856e+01
4.299693748791472814e+01
4.743572307476459571e+01
5.766911795930526097e+01
0.000000000000000000e+00
4.223700561964285782e+01
0.000000000000000000e+00
0.000000000000000000e+00
3.029360741276767399e+01
2.936636790239457184e+01
4.836614688040949517e+01
4.345290830614960242e+01
4.736963708276525864e+01
0.000000000000000000e+00
0.000000000000000000e+00
5.914532458754706568e+01
0.000000000000000000e+00
0.000000000000000000e+00
3.302332567235983163e+01
0.000000000000000000e+00
5.561063803889020107e+01
0.000000000000000000e+00
3.492223844873591787e+01
0.000000000000000000e+00
5.791972688552051807e+01
4.736883633661170023e+01
3.841649913831543017e+01
3.972044238281468864e+01
4.360895180870740262e+01
5.228652644919793602e+01
0.000000000000000000e+00
5.167952692833149797e+01
5.572832415825087793e+01
0.000000000000000000e+00
3.825565973271285003e+01
0.000000000000000000e+00
0.000000000000000000e+00
5.897815630620183924e+01
