4.705080294322279144e+01
0.000000000000000000e+00
5.069842954174396965e+01
6.259749366251374170e+01
3.311433015023344240e+01
0.000000000000000000e+00
5.195702361604683972e+01
2.883637083376527244e+01
5.437921176859241257e+01
3.294898472103003684e+01
0.000000000000000000e+00
3.311433015023344240e+01
3.267139830632756059e+01
3.294898472103003684e+01
0.000000000000000000e+00
0.000000000000000000e+00
0.000000000000000000e+00
3.829114152816229932e+01
3.294898472103003684e+01
3.311433015023344240e+01
0.000000000000000000e+00
3.294898472103003684e+01
4.316564521298501234e+01
5.069842954174396965e+01
4.147625644450432247e+01
4.316564521298501234e+01
6.318817601572087739e+01
0.000000000000000000e+00
3.801382147786458177e+01
0.000000000000000000e+00
3.735085773955102439e+01
0.000000000000000000e+00
0.000000000000000000e+00
0.000000000000000000e+00
4.801844184440992080e+01
0.000000000000000000e+00
0.000000000000000000e+00
4.616843204949384472e+01
4.084681760215363511e+01
0.000000000000000000e+00
4.079637938519130813e+01
3.735085773955102439e+01
4.801844184440992080e+01
3.885204274569014871e+01
0.000000000000000000e+00
3.327167353792105331e+01
3.269046040119351204e+01
0.000000000000000000e+00
0.000000000000000000e+00
3.995020947209587803e+01
3.995020947209587803e+01
2.709164301619903270e+01
4.147625644450432247e+01
0.000000000000000000e+00
3.995020947209587803e+01
2.824842430793501435e+01
3.089246179687793159e+01
0.000000000000000000e+00
3.995020947209587803e+01
5.229914897994303402e+01
5.015095060633320401e+01
3.735085773955102439e+01
4.243908248746446077e+01
2.883637083376527244e+01
4.616843204949384472e+01
2.883637083376527244e+01
3.828550404420634123e+01
0.000000000000000000e+00
3.826847698539835108e+01
4.243908248746446077e+01
0.000000000000000000e+00
0.000000000000000000e+00
0.000000000000000000e+00
0.000000000000000000e+00
3.694156683369299543e+01
4.748761972393680963e+01
0.000000000000000000e+00
4.268418780187899841e+01
4.256828247554711453e+01
0.000000000000000000e+00
3.663605866663141342e+01
3.957414563152343590e+01
3.894150686726441535e+01
2.709164301619903270e+01
0.000000000000000000e+00
0.000000000000000000e+00
3.518018604638660207e+01
3.354666334420841878e+01
4.427520722102448048e+01
3.826847698539835108e+01
0.000000000000000000e+00
0.000000000000000000e+00
3.653498058421869388e+01
0.000000000000000000e+00
0.000000000000000000e+00
3.269046040119351204e+01
5.094716323522071377e+01
4.069319190968846556e+01
5.137767076133248167e+01
4.581278529297726010e+01
5.461225246785196674e+01
0.000000000000000000e+00
4.373342637220720519e+01
0.000000000000000000e+00
4.581278529297726010e+01
4.476761456767010117e+01
4.373342637220720519e+01
4.581278529297726010e+01
0.000000000000000000e+00
4.373342637220720519e+01
5.124723922583334712e+01
4.373342637220720519e+01
4.373342637220720519e+01
0.000000000000000000e+00
4.583368268633700637e+01
3.819879108333162776e+01
3.495089217432662565e+01
3.495089217432662565e+01
0.000000000000000000e+00
0.000000000000000000e+00
4.583368268633700637e+01
3.215342158901564318e+01
0.000000000000000000e+00
0.000000000000000000e+00
4.371279793027277805e+01
0.000000000000000000e+00
3.371570884993895589e+01
3.371570884993895589e+01
3.713306932175473918e+01
3.371570884993895589e+01
0.000000000000000000e+00
3.215342158901564318e+01
0.000000000000000000e+00
6.104170104758191684e+01
3.439241182355083737e+01
3.447037566757944660e+01
4.303770055639508740e+01
5.074339864146801204e+01
3.474965623105781276e+01
3.474965623105781276e+01
3.510103226332143578e+01
3.315537095513074917e+01
4.020516706119001782e+01
5.296474259001281126e+01
0.000000000000000000e+00
0.000000000000000000e+00
4.653957732402633951e+01
3.636885769979606664e+01
3.045229293043711039e+01
4.251071394119561830e+01
3.673505122790285782e+01
0.000000000000000000e+00
3.315537095513074917e+01
0.000000000000000000e+00
4.712331003160799980e+01
3.315537095513074917e+01
4.850423369577523403e+01
6.366178303434609376e+01
4.134690908427868550e+01
0.000000000000000000e+00
4.908462323973416375e+01
3.523042996354894285e+01
6.496115734653436391e+01
4.251071394119561830e+01
3.843803996712713200e+01
3.315537095513074917e+01
0.000000000000000000e+00
4.850423369577523403e+01
3.353498869669254390e+01
3.551181137363387563e+01
3.673505122790285782e+01
4.373342637220720519e+01
3.752027300190615478e+01
3.851065322459890439e+01
3.447037566757944660e+01
0.000000000000000000e+00
3.583641480120191858e+01
3.608216799089823468e+01
0.000000000000000000e+00
3.215342158901564318e+01
3.439241182355083737e+01
3.315537095513074917e+01
3.111385239058779106e+01
3.551181137363387563e+01
5.434438966983174879e+01
4.583368268633700637e+01
4.837584430628678689e+01
4.425388864035528513e+01
6.266775912277678628e+01
3.778923853040548408e+01
3.778923853040548408e+01
4.712331003160799980e+01
3.740544309965351033e+01
5.137767076133248167e+01
5.198425028187237729e+01
0.000000000000000000e+00
3.201226268763343796e+01
3.221130258703078653e+01
0.000000000000000000e+00
0.000000000000000000e+00
3.920321392408637706e+01
4.214129956276239142e+01
5.474833131331855895e+01
4.607480206061970307e+01
3.903093007867263253e+01
0.000000000000000000e+00
4.212193632339706539e+01
3.956473678333060917e+01
0.000000000000000000e+00
5.196257563700705617e+01
4.736330883688106752e+01
4.807465817267521402e+01
0.000000000000000000e+00
4.605140326655461536e+01
0.000000000000000000e+00
0.000000000000000000e+00
0.000000000000000000e+00
5.397478444306479872e+01
5.006714501730802169e+01
4.471595487272194447e+01
4.439899123330955888e+01
5.826976842955771474e+01
3.439241182355083737e+01
5.006714501730802169e+01
0.000000000000000000e+00
0.000000000000000000e+00
3.920321392408637706e+01
0.000000000000000000e+00
3.801538722267338954e+01
5.341850114716268649e+01
0.000000000000000000e+00
0.000000000000000000e+00
5.018796830117580754e+01
5.006714501730802169e+01
5.137767076133248167e+01
0.000000000000000000e+00
0.000000000000000000e+00
0.000000000000000000e+00
4.662448411816212257e+01
3.913011049219586113e+01
3.653316610199347991e+01
4.183997414280792526e+01
0.000000000000000000e+00
0.000000000000000000e+00
0.000000000000000000e+00
0.000000000000000000e+00
0.000000000000000000e+00
0.000000000000000000e+00
4.387624057431850133e+01
0.000000000000000000e+00
0.000000000000000000e+00
0.000000000000000000e+00
4.435622962817756587e+01
4.251151389370036071e+01
3.702553182440045987e+01
0.000000000000000000e+00
0.000000000000000000e+00
0.000000000000000000e+00
0.000000000000000000e+00
3.803955522570643666e+01
5.179827497751159626e+01
4.471595487272194447e+01
0.000000000000000000e+00
4.471595487272194447e+01
0.000000000000000000e+00
4.311266448691679187e+01
5.560906433699332041e+01
4.183997414280792526e+01
3.702553182440045987e+01
0.000000000000000000e+00
0.000000000000000000e+00
4.183997414280792526e+01
4.183997414280792526e+01
5.295144599515236905e+01
4.183997414280792526e+01
0.000000000000000000e+00
3.767018843359100799e+01
4.301797309947612291e+01
4.719511603060406202e+01
4.311266448691679187e+01
5.006714501730802169e+01
0.000000000000000000e+00
4.183997414280792526e+01
0.000000000000000000e+00
0.000000000000000000e+00
0.000000000000000000e+00
5.699168496022653585e+01
5.397478444306479872e+01
0.000000000000000000e+00
0.000000000000000000e+00
0.000000000000000000e+00
0.000000000000000000e+00
0.000000000000000000e+00
5.826976842955771474e+01
0.000000000000000000e+00
3.636885769979606664e+01
0.000000000000000000e+00
4.303770055639508740e+01
0.000000000000000000e+00
4.357454771710250441e+01
0.000000000000000000e+00
0.000000000000000000e+00
4.954085153923697504e+01
0.000000000000000000e+00
0.000000000000000000e+00
0.000000000000000000e+00
2.885303120107625574e+01
3.118670412004064119e+01
3.557457930824150338e+01
3.339901021865852471e+01
3.118670412004064119e+01
4.954085153923697504e+01
3.310731257118258952e+01
4.190718379935748317e+01
4.044968625778187032e+01
4.954085153923697504e+01
4.080528407530573531e+01
3.324569415031594843e+01
0.000000000000000000e+00
3.349205071096547215e+01
4.394488338288194029e+01
0.000000000000000000e+00
3.337175906645667567e+01
4.794396697341565527e+01
3.095611874651729067e+01
3.525965583193639219e+01
0.000000000000000000e+00
2.885303120107625574e+01
3.131447191401355923e+01
3.686220621855923696e+01
0.000000000000000000e+00
3.586176690856242999e+01
3.263527938993693311e+01
3.525965583193639219e+01
3.142583728831748147e+01
3.606447158696936128e+01
0.000000000000000000e+00
3.371537844113720439e+01
3.144238484929306310e+01
3.095611874651729067e+01
3.587079166339733405e+01
3.731401550915393273e+01
4.080528407530573531e+01
3.381638506891974316e+01
3.148062211504130303e+01
3.118670412004064119e+01
3.324569415031594843e+01
0.000000000000000000e+00
3.118670412004064119e+01
0.000000000000000000e+00
3.870630475976631857e+01
0.000000000000000000e+00
3.141025061751082958e+01
0.000000000000000000e+00
3.909479519486862387e+01
0.000000000000000000e+00
3.909479519486862387e+01
3.417406592991051895e+01
5.554966455951684168e+01
0.000000000000000000e+00
4.169050054591343013e+01
3.591734707167400842e+01
4.044968625778187032e+01
2.947441330278508431e+01
4.794396697341565527e+01
2.947441330278508431e+01
4.139836657073115589e+01
4.064502091173799414e+01
0.000000000000000000e+00
3.452240331047461552e+01
3.492064132801878884e+01
3.492064132801878884e+01
3.576566468188753589e+01
2.947441330278508431e+01
0.000000000000000000e+00
5.074604603344182152e+01
0.000000000000000000e+00
3.144238484929306310e+01
2.974128387127493411e+01
0.000000000000000000e+00
3.337175906645667567e+01
3.148062211504130303e+01
4.035377717123196106e+01
3.144238484929306310e+01
4.044968625778187032e+01
4.879598905291054933e+01
0.000000000000000000e+00
0.000000000000000000e+00
0.000000000000000000e+00
3.337175906645667567e+01
3.586176690856242999e+01
0.000000000000000000e+00
3.371537844113720439e+01
3.492064132801878884e+01
4.190718379935748317e+01
0.000000000000000000e+00
4.644658279609578955e+01
3.196763307937824194e+01
3.795401062677626669e+01
5.371642635367221885e+01
4.060288931108337351e+01
0.000000000000000000e+00
4.052871684404925645e+01
3.795401062677626669e+01
0.000000000000000000e+00
3.451799124123839846e+01
0.000000000000000000e+00
4.974546736148152348e+01
4.974446594204973593e+01
4.377796123353517288e+01
4.080442407515158720e+01
6.841376927207500103e+01
0.000000000000000000e+00
4.060288931108337351e+01
0.000000000000000000e+00
4.269051671942755632e+01
4.139836657073115589e+01
4.184029133448065352e+01
5.296474259001281126e+01
0.000000000000000000e+00
4.974546736148152348e+01
0.000000000000000000e+00
0.000000000000000000e+00
3.516580813903573244e+01
0.000000000000000000e+00
4.135285259061440399e+01
0.000000000000000000e+00
0.000000000000000000e+00
3.821137013369124702e+01
4.039563954324948014e+01
0.000000000000000000e+00
4.135285259061440399e+01
4.000779479068046385e+01
3.451799124123839846e+01
4.974546736148152348e+01
3.224906758335579582e+01
4.139836657073115589e+01
0.000000000000000000e+00
0.000000000000000000e+00
4.974546736148152348e+01
4.955876275911992224e+01
3.170590266000987612e+01
0.000000000000000000e+00
4.955876275911992224e+01
3.170590266000987612e+01
3.452240331047461552e+01
5.200172149094249363e+01
4.135761378786942544e+01
4.135285259061440399e+01
4.197670737358959769e+01
4.197670737358959769e+01
5.137767076133248167e+01
4.363382080917010342e+01
0.000000000000000000e+00
3.670171177103293303e+01
0.000000000000000000e+00
3.448030403389585530e+01
4.644658279609578955e+01
0.000000000000000000e+00
0.000000000000000000e+00
3.795401062677626669e+01
4.086136166561209393e+01
3.633956239126388965e+01
3.762800018625667064e+01
3.452240331047461552e+01
4.955876275911992224e+01
4.135285259061440399e+01
3.346566713078314592e+01
4.086136166561209393e+01
4.197670737358959769e+01
4.197670737358959769e+01
3.170590266000987612e+01
0.000000000000000000e+00
4.135285259061440399e+01
5.293802397956173422e+01
4.955876275911992224e+01
3.448030403389585530e+01
4.135285259061440399e+01
4.974546736148152348e+01
3.452240331047461552e+01
4.135285259061440399e+01
3.448030403389585530e+01
3.339901021865852471e+01
3.451799124123839846e+01
0.000000000000000000e+00
4.135285259061440399e+01
4.139836657073115589e+01
3.170590266000987612e+01
5.200172149094249363e+01
0.000000000000000000e+00
0.000000000000000000e+00
0.000000000000000000e+00
4.416025600532183404e+01
0.000000000000000000e+00
4.039563954324948014e+01
4.135285259061440399e+01
3.308893046602877064e+01
3.448030403389585530e+01
0.000000000000000000e+00
2.947091928624836399e+01
0.000000000000000000e+00
4.813530872650485293e+01
2.616898250690622518e+01
4.438250430637104671e+01
0.000000000000000000e+00
3.267139830632756059e+01
4.438250430637104671e+01
4.157148459894568759e+01
3.299485719998475020e+01
3.828550404420634123e+01
0.000000000000000000e+00
5.386400184524447354e+01
3.969842786775429033e+01
4.480950439957407383e+01
0.000000000000000000e+00
0.000000000000000000e+00
0.000000000000000000e+00
0.000000000000000000e+00
3.752453129709537905e+01
0.000000000000000000e+00
0.000000000000000000e+00
0.000000000000000000e+00
3.835891664508426402e+01
3.349972442173645959e+01
3.983682392287444429e+01
0.000000000000000000e+00
3.969842786775429033e+01
0.000000000000000000e+00
0.000000000000000000e+00
5.139202918148103549e+01
0.000000000000000000e+00
2.801744851074242249e+01
3.806867546216250275e+01
0.000000000000000000e+00
2.941504071361501005e+01
4.157148459894568759e+01
0.000000000000000000e+00
0.000000000000000000e+00
2.801744851074242249e+01
0.000000000000000000e+00
5.478775310431956314e+01
0.000000000000000000e+00
3.818402976879357880e+01
3.519412608335375836e+01
0.000000000000000000e+00
4.480950439957407383e+01
5.386400184524447354e+01
0.000000000000000000e+00
0.000000000000000000e+00
0.000000000000000000e+00
4.092131242603028340e+01
0.000000000000000000e+00
4.987863060903111290e+01
5.437921176859241257e+01
2.813942570373858132e+01
2.941504071361501005e+01
4.480950439957407383e+01
4.462371159638889395e+01
3.782623378599065234e+01
2.813942570373858132e+01
4.587700554020330657e+01
0.000000000000000000e+00
3.354666334420841878e+01
0.000000000000000000e+00
0.000000000000000000e+00
4.987863060903111290e+01
4.987863060903111290e+01
0.000000000000000000e+00
2.813942570373858132e+01
0.000000000000000000e+00
4.435763086580860914e+01
0.000000000000000000e+00
4.157148459894568759e+01
3.999360356241557213e+01
0.000000000000000000e+00
0.000000000000000000e+00
3.442957808859182478e+01
4.157148459894568759e+01
0.000000000000000000e+00
0.000000000000000000e+00
0.000000000000000000e+00
2.941504071361501005e+01
3.524550290483098536e+01
0.000000000000000000e+00
0.000000000000000000e+00
2.883637083376527244e+01
0.000000000000000000e+00
0.000000000000000000e+00
3.438463259576169406e+01
0.000000000000000000e+00
7.617494139286577592e+01
4.987863060903111290e+01
2.941504071361501005e+01
3.983682392287444429e+01
2.941504071361501005e+01
4.772318577228748637e+01
3.122283513670577548e+01
0.000000000000000000e+00
4.505484539364759655e+01
0.000000000000000000e+00
4.305944004208802056e+01
0.000000000000000000e+00
0.000000000000000000e+00
2.999294252441354658e+01
3.822399834330932578e+01
3.790752104497079245e+01
0.000000000000000000e+00
0.000000000000000000e+00
4.304559087905338544e+01
4.153336061676959901e+01
4.580560806003111907e+01
3.822020599352426018e+01
4.472641463041264842e+01
0.000000000000000000e+00
0.000000000000000000e+00
4.066439491785769889e+01
3.523379876621465456e+01
0.000000000000000000e+00
0.000000000000000000e+00
0.000000000000000000e+00
4.638865284434709935e+01
0.000000000000000000e+00
0.000000000000000000e+00
2.617304094922305779e+01
0.000000000000000000e+00
0.000000000000000000e+00
4.796139437824303542e+01
2.983784403492559534e+01
3.187156790705794052e+01
3.532802540191728013e+01
0.000000000000000000e+00
3.093900932451215269e+01
3.183208084399704774e+01
3.356087598093726143e+01
3.850957370226826981e+01
0.000000000000000000e+00
3.502158157347322032e+01
3.523379876621465456e+01
3.313233329120636483e+01
3.471178833032833211e+01
0.000000000000000000e+00
4.211931242877592041e+01
2.725984727360792803e+01
3.164161394301145691e+01
2.725984727360792803e+01
0.000000000000000000e+00
3.176124572161903004e+01
3.523379876621465456e+01
4.391692254697959186e+01
3.695021124868726048e+01
3.850957370226826981e+01
2.817638848305088928e+01
3.994633179387036392e+01
4.928172588857871261e+01
2.819089477005381639e+01
3.089774987314934407e+01
0.000000000000000000e+00
3.416142627211336702e+01
3.361633162649805229e+01
0.000000000000000000e+00
0.000000000000000000e+00
5.456206838512004254e+01
3.451353456165831801e+01
2.819089477005381639e+01
4.697621751164587778e+01
3.295304852957765718e+01
3.532802540191728013e+01
3.689550909749664243e+01
4.949896534543444915e+01
3.416142627211336702e+01
0.000000000000000000e+00
3.427085357339138483e+01
3.523379876621465456e+01
3.567876447624402658e+01
3.547300752131422286e+01
2.817638848305088928e+01
0.000000000000000000e+00
3.532802540191728013e+01
4.304559087905338544e+01
3.285228922735126389e+01
0.000000000000000000e+00
0.000000000000000000e+00
3.976992644604519000e+01
3.176124572161903004e+01
4.505484539364759655e+01
3.649163422797614942e+01
3.290948718664028405e+01
3.292515371763119703e+01
0.000000000000000000e+00
4.697621751164587778e+01
6.825297269018143709e+01
0.000000000000000000e+00
3.745290387507196073e+01
3.365797666160838020e+01
3.206077890822089671e+01
3.805051290923789509e+01
4.304559087905338544e+01
5.456206838512004254e+01
3.557997533435675308e+01
3.201137842174237846e+01
0.000000000000000000e+00
6.194379854333055846e+01
2.815941947278098567e+01
0.000000000000000000e+00
0.000000000000000000e+00
3.197924534061883151e+01
4.234802346038679133e+01
0.000000000000000000e+00
3.201137842174237846e+01
5.217852482081494259e+01
3.683209050630150472e+01
3.982467212791352296e+01
3.187970084154686390e+01
0.000000000000000000e+00
0.000000000000000000e+00
0.000000000000000000e+00
4.349380475650572464e+01
4.237193089884932817e+01
3.545064154627887376e+01
0.000000000000000000e+00
4.849818174615459299e+01
0.000000000000000000e+00
3.329072255807331260e+01
0.000000000000000000e+00
0.000000000000000000e+00
3.671077013798626609e+01
0.000000000000000000e+00
4.763989526747138115e+01
0.000000000000000000e+00
3.961147557223807780e+01
4.777600372307409060e+01
6.194379854333055846e+01
0.000000000000000000e+00
3.982467212791352296e+01
3.651963419686133960e+01
4.234802346038679133e+01
3.820507694057582171e+01
3.187970084154686390e+01
3.197924534061883151e+01
3.624262944819768251e+01
0.000000000000000000e+00
3.683209050630150472e+01
0.000000000000000000e+00
4.009875788443510913e+01
2.815941947278098567e+01
3.197924534061883151e+01
0.000000000000000000e+00
0.000000000000000000e+00
3.818961778046475075e+01
5.333172635532140049e+01
3.231738481358462423e+01
0.000000000000000000e+00
2.905611083668236816e+01
6.194379854333055846e+01
4.158642106791550930e+01
3.615469540207802623e+01
0.000000000000000000e+00
4.849818174615459299e+01
3.372200618229614832e+01
0.000000000000000000e+00
0.000000000000000000e+00
4.034799651492103578e+01
5.130328884516620036e+01
3.253250381629034393e+01
3.443747091425118612e+01
5.124550268817477416e+01
5.320979429593166543e+01
3.611145168013495521e+01
0.000000000000000000e+00
3.651963419686133960e+01
0.000000000000000000e+00
0.000000000000000000e+00
3.671077013798626609e+01
0.000000000000000000e+00
3.680034749122666682e+01
2.905611083668236816e+01
0.000000000000000000e+00
0.000000000000000000e+00
3.186191680925304226e+01
5.217852482081494259e+01
0.000000000000000000e+00
2.883229065954626691e+01
3.505666676454205088e+01
5.124550268817477416e+01
3.915301246079477693e+01
3.961147557223807780e+01
0.000000000000000000e+00
3.448537538290399596e+01
6.825297269018143709e+01
0.000000000000000000e+00
0.000000000000000000e+00
0.000000000000000000e+00
0.000000000000000000e+00
3.353498869669254390e+01
0.000000000000000000e+00
3.427297626723345303e+01
3.062810082693446034e+01
4.938937640245770666e+01
0.000000000000000000e+00
0.000000000000000000e+00
0.000000000000000000e+00
3.284567588581044362e+01
5.018796830117580754e+01
3.045229293043711039e+01
0.000000000000000000e+00
3.740544309965351033e+01
3.062810082693446034e+01
2.929568788208997887e+01
3.076762383899476205e+01
4.132628686594571832e+01
3.062810082693446034e+01
3.631269963513459942e+01
0.000000000000000000e+00
3.062810082693446034e+01
5.198425028187237729e+01
0.000000000000000000e+00
3.074832104250599940e+01
3.062810082693446034e+01
3.529093516693162513e+01
0.000000000000000000e+00
3.062810082693446034e+01
4.020516706119001782e+01
3.753374420148388424e+01
3.524961026314783652e+01
3.223665589001599585e+01
5.223455797778110821e+01
0.000000000000000000e+00
3.321445242328924508e+01
4.705063354772261874e+01
0.000000000000000000e+00
6.266775912277678628e+01
3.610245762102291422e+01
3.632186595769837822e+01
3.524961026314783652e+01
4.245704158160373254e+01
0.000000000000000000e+00
4.132628686594571832e+01
6.266775912277678628e+01
3.045229293043711039e+01
3.321445242328924508e+01
3.476050952153997287e+01
0.000000000000000000e+00
3.367599678396555873e+01
3.271893577272270903e+01
4.512447013973984866e+01
0.000000000000000000e+00
3.030654465715237578e+01
6.693319738159402732e+01
4.902419943323455698e+01
2.929568788208997887e+01
0.000000000000000000e+00
0.000000000000000000e+00
4.858341951455288665e+01
0.000000000000000000e+00
3.289205637648228731e+01
0.000000000000000000e+00
3.529093516693162513e+01
3.321445242328924508e+01
4.858341951455288665e+01
0.000000000000000000e+00
0.000000000000000000e+00
3.271893577272270903e+01
0.000000000000000000e+00
3.920032891101256212e+01
2.929568788208997887e+01
4.858965975705434914e+01
4.858965975705434914e+01
3.271893577272270903e+01
0.000000000000000000e+00
3.632186595769837822e+01
3.632186595769837822e+01
0.000000000000000000e+00
3.030654465715237578e+01
5.153521117585643907e+01
3.284567588581044362e+01
5.461088995666037960e+01
3.223665589001599585e+01
3.632186595769837822e+01
3.427297626723345303e+01
3.427297626723345303e+01
3.529093516693162513e+01
3.160954960895381305e+01
0.000000000000000000e+00
3.920032891101256212e+01
3.062810082693446034e+01
4.044440645794674793e+01
3.357703724209106610e+01
0.000000000000000000e+00
0.000000000000000000e+00
3.282257066959003566e+01
0.000000000000000000e+00
0.000000000000000000e+00
3.969842786775429033e+01
0.000000000000000000e+00
4.171676385342213678e+01
3.583325364740750985e+01
4.066339037937977707e+01
4.044440645794674793e+01
3.599949484935937960e+01
0.000000000000000000e+00
3.231738481358462423e+01
3.159589051110135927e+01
3.820315214928807990e+01
4.365475257284441568e+01
5.025821843239835829e+01
3.598455326953567379e+01
3.986003991663464774e+01
3.517674847873098543e+01
4.027421962176568826e+01
5.276713122844471826e+01
3.820315214928807990e+01
3.371416923921469078e+01
3.668096925853628676e+01
4.365475257284441568e+01
4.610682270389599324e+01
3.474084495727871769e+01
5.625538356448780775e+01
3.775819673454667935e+01
4.799614568230700229e+01
0.000000000000000000e+00
3.820315214928807990e+01
6.259749366251374170e+01
3.569266841061219964e+01
4.818446641991390322e+01
4.524922361607008270e+01
0.000000000000000000e+00
3.820315214928807990e+01
3.823434449482460451e+01
0.000000000000000000e+00
4.027421962176568826e+01
4.051381882544797719e+01
4.441089833121385766e+01
4.022746784270312048e+01
3.328052029248301835e+01
0.000000000000000000e+00
0.000000000000000000e+00
0.000000000000000000e+00
4.020207134118101067e+01
3.605885308239856357e+01
0.000000000000000000e+00
0.000000000000000000e+00
3.435195072247145731e+01
3.721879549078497718e+01
3.542572419475879286e+01
3.441907136545331269e+01
3.197924534061883151e+01
3.852344056553436502e+01
4.046536716752070362e+01
3.944902897563447652e+01
3.705538324274152018e+01
0.000000000000000000e+00
0.000000000000000000e+00
3.800503073645497665e+01
0.000000000000000000e+00
3.317085245139694649e+01
0.000000000000000000e+00
0.000000000000000000e+00
4.232198574468146290e+01
3.892437554851310466e+01
3.892437554851310466e+01
0.000000000000000000e+00
0.000000000000000000e+00
3.599949484935937960e+01
4.826109516534864952e+01
4.019855880630108658e+01
3.948533839726492545e+01
0.000000000000000000e+00
3.501351224495157055e+01
4.268418780187899841e+01
0.000000000000000000e+00
5.041092033420640206e+01
4.755710312768707837e+01
4.731793174117223089e+01
6.259749366251374170e+01
4.524922361607008270e+01
0.000000000000000000e+00
0.000000000000000000e+00
4.020207134118101067e+01
3.599949484935937960e+01
4.020207134118101067e+01
0.000000000000000000e+00
3.159589051110135927e+01
3.922115057240292657e+01
3.357703724209106610e+01
0.000000000000000000e+00
0.000000000000000000e+00
0.000000000000000000e+00
0.000000000000000000e+00
4.227998185642096729e+01
6.355257307108050213e+01
4.008916494866646474e+01
0.000000000000000000e+00
3.726028920558119495e+01
3.991663130779182467e+01
4.254369469085558109e+01
0.000000000000000000e+00
4.329803589354534665e+01
4.254369469085558109e+01
0.000000000000000000e+00
5.458712326912724677e+01
4.006530065108864846e+01
5.229914897994303402e+01
4.254369469085558109e+01
0.000000000000000000e+00
0.000000000000000000e+00
0.000000000000000000e+00
0.000000000000000000e+00
0.000000000000000000e+00
4.006530065108864846e+01
0.000000000000000000e+00
4.732487295381384484e+01
4.496824566275753909e+01
0.000000000000000000e+00
4.094989853738940155e+01
4.094989853738940155e+01
5.428030309058571845e+01
4.094989853738940155e+01
4.006530065108864846e+01
0.000000000000000000e+00
4.254369469085558109e+01
5.033565447349644018e+01
0.000000000000000000e+00
5.033565447349644018e+01
4.094989853738940155e+01
4.254369469085558109e+01
0.000000000000000000e+00
4.254369469085558109e+01
4.180526422697813871e+01
0.000000000000000000e+00
4.663309806778394062e+01
5.033565447349644018e+01
0.000000000000000000e+00
4.254369469085558109e+01
4.006530065108864846e+01
0.000000000000000000e+00
4.180526422697813871e+01
5.767743082589681336e+01
4.293114849515429654e+01
5.643586619600312559e+01
5.033565447349644018e+01
0.000000000000000000e+00
0.000000000000000000e+00
4.201895684254243690e+01
0.000000000000000000e+00
4.254369469085558109e+01
4.866550835141967468e+01
0.000000000000000000e+00
4.505686981845767747e+01
3.743428399890331093e+01
5.033565447349644018e+01
3.743428399890331093e+01
0.000000000000000000e+00
4.094989853738940155e+01
4.505686981845767747e+01
0.000000000000000000e+00
4.505686981845767747e+01
3.989494635209916140e+01
4.254369469085558109e+01
4.505686981845767747e+01
4.505686981845767747e+01
3.743428399890331093e+01
4.254369469085558109e+01
5.111594217363312964e+01
4.006530065108864846e+01
0.000000000000000000e+00
0.000000000000000000e+00
0.000000000000000000e+00
5.033565447349644018e+01
0.000000000000000000e+00
5.583214524217626717e+01
0.000000000000000000e+00
4.496824566275753909e+01
4.201895684254243690e+01
3.743428399890331093e+01
0.000000000000000000e+00
0.000000000000000000e+00
3.743428399890331093e+01
4.254369469085558109e+01
0.000000000000000000e+00
4.642062683012132140e+01
4.180526422697813871e+01
4.474353201851609185e+01
0.000000000000000000e+00
4.006530065108864846e+01
3.726028920558119495e+01
0.000000000000000000e+00
3.126797554325033346e+01
3.407191986892397750e+01
3.842886482400904669e+01
3.297418318668010073e+01
4.252583352010987028e+01
3.642330142886930133e+01
0.000000000000000000e+00
3.035811030260366650e+01
4.115916000938965880e+01
5.676583951638880876e+01
3.630428213525195247e+01
0.000000000000000000e+00
0.000000000000000000e+00
0.000000000000000000e+00
3.890466652507836898e+01
2.820410765051565605e+01
2.616898250690622518e+01
3.607738381675159900e+01
3.561542359600392160e+01
4.325891015583165000e+01
7.617494139286577592e+01
3.011647618581599062e+01
0.000000000000000000e+00
3.746565339616326185e+01
4.115916000938965880e+01
3.607738381675159900e+01
3.035811030260366650e+01
4.438250430637104671e+01
3.444860277837237561e+01
3.319516218728928436e+01
4.303786664383262206e+01
0.000000000000000000e+00
3.558436377657196914e+01
2.801744851074242249e+01
3.298220203501963965e+01
3.034491646055198188e+01
3.863316129641617636e+01
2.709164301619903270e+01
3.418132531974242738e+01
2.941504071361501005e+01
5.049989996395294156e+01
3.016403226363656032e+01
3.829013448478207948e+01
0.000000000000000000e+00
7.617494139286577592e+01
0.000000000000000000e+00
6.059498163717525188e+01
0.000000000000000000e+00
4.195424062952950806e+01
2.889252511992579286e+01
0.000000000000000000e+00
4.574131803897684989e+01
4.092131242603028340e+01
0.000000000000000000e+00
3.817693107417485976e+01
0.000000000000000000e+00
3.444860277837237561e+01
3.810462332999607327e+01
4.084681760215363511e+01
3.817693107417485976e+01
3.016403226363656032e+01
0.000000000000000000e+00
2.889252511992579286e+01
2.844634500427083523e+01
3.298220203501963965e+01
0.000000000000000000e+00
3.607738381675159900e+01
2.889252511992579286e+01
5.029074306285411922e+01
3.438187977954802221e+01
3.954742720397526767e+01
5.214451104855817931e+01
0.000000000000000000e+00
3.016403226363656032e+01
3.327167353792105331e+01
0.000000000000000000e+00
0.000000000000000000e+00
0.000000000000000000e+00
2.947091928624836399e+01
0.000000000000000000e+00
4.033116284975052679e+01
0.000000000000000000e+00
3.418132531974242738e+01
4.475428448430804451e+01
3.810462332999607327e+01
4.475428448430804451e+01
3.829013448478207948e+01
4.115916000938965880e+01
3.737486139930195606e+01
3.378515681195768394e+01
2.843597629577220687e+01
2.820410765051565605e+01
3.333433473469073505e+01
3.863316129641617636e+01
4.483184252905666511e+01
3.298220203501963965e+01
4.289329317217777771e+01
3.782355729459069948e+01
5.016434046073944586e+01
5.054136108183059406e+01
4.003963474096663333e+01
3.990155696868624347e+01
3.782355729459069948e+01
3.782355729459069948e+01
4.170381226040250056e+01
4.505564324825338929e+01
5.094680966990688376e+01
0.000000000000000000e+00
4.018597307671497276e+01
0.000000000000000000e+00
4.505564324825338929e+01
4.175170662236394037e+01
4.175170662236394037e+01
0.000000000000000000e+00
0.000000000000000000e+00
4.634826298010611367e+01
0.000000000000000000e+00
3.858361869824173596e+01
4.505564324825338929e+01
0.000000000000000000e+00
5.260868274339332373e+01
4.259231268273984483e+01
4.259231268273984483e+01
0.000000000000000000e+00
4.505564324825338929e+01
0.000000000000000000e+00
4.718277225069854097e+01
0.000000000000000000e+00
4.634826298010611367e+01
4.534418491641665128e+01
3.858361869824173596e+01
0.000000000000000000e+00
4.752750001762343857e+01
0.000000000000000000e+00
4.484734586463128636e+01
0.000000000000000000e+00
4.152225899334604264e+01
0.000000000000000000e+00
4.634826298010611367e+01
4.634826298010611367e+01
4.807924924368954578e+01
0.000000000000000000e+00
0.000000000000000000e+00
0.000000000000000000e+00
4.297100717082403065e+01
0.000000000000000000e+00
4.752750001762343857e+01
4.576866969999718293e+01
3.971569216107409517e+01
4.634826298010611367e+01
4.263491087648893796e+01
3.434185773324611546e+01
0.000000000000000000e+00
3.674878100969497297e+01
3.674878100969497297e+01
5.141765299491421359e+01
0.000000000000000000e+00
0.000000000000000000e+00
3.677555517474665692e+01
3.677555517474665692e+01
4.505564324825338929e+01
3.677555517474665692e+01
4.718277225069854097e+01
4.482683887451867832e+01
3.858361869824173596e+01
0.000000000000000000e+00
4.476912509172991150e+01
3.677555517474665692e+01
4.434756319797453727e+01
4.484734586463128636e+01
3.858361869824173596e+01
0.000000000000000000e+00
3.674878100969497297e+01
4.434756319797453727e+01
0.000000000000000000e+00
0.000000000000000000e+00
3.677555517474665692e+01
4.115037763210246879e+01
3.674878100969497297e+01
4.289329317217777771e+01
3.884275662981525556e+01
0.000000000000000000e+00
4.334138421411810782e+01
4.434756319797453727e+01
4.752750001762343857e+01
4.334138421411810782e+01
3.674878100969497297e+01
4.434756319797453727e+01
4.718277225069854097e+01
0.000000000000000000e+00
3.858361869824173596e+01
3.677555517474665692e+01
4.513588095649922849e+01
4.505564324825338929e+01
5.801921726320421868e+01
4.634826298010611367e+01
4.427758519809814430e+01
4.644436480532377232e+01
4.699843926780232550e+01
5.076304310738917280e+01
4.632520225915501300e+01
4.100526346003905331e+01
5.074604603344182152e+01
0.000000000000000000e+00
4.184049284060897378e+01
4.100526346003905331e+01
4.448326011306944849e+01
4.038584769257795415e+01
0.000000000000000000e+00
4.167685757643553757e+01
0.000000000000000000e+00
4.644436480532377232e+01
0.000000000000000000e+00
3.958180525621130386e+01
4.484734586463128636e+01
4.778051160341787096e+01
4.374842012106509515e+01
0.000000000000000000e+00
0.000000000000000000e+00
4.416025600532183404e+01
4.334138421411810782e+01
4.844429082320107227e+01
6.104170104758191684e+01
4.167685757643553757e+01
5.073649046634455573e+01
3.932424427873937134e+01
0.000000000000000000e+00
6.189626824898931545e+01
5.349449815382201479e+01
5.328817595084228742e+01
4.297100717082403065e+01
4.167685757643553757e+01
4.184049284060897378e+01
4.184049284060897378e+01
0.000000000000000000e+00
4.699843926780232550e+01
0.000000000000000000e+00
5.428831659233780016e+01
3.932598667761303801e+01
4.204719033157380181e+01
4.167685757643553757e+01
4.840782132547185057e+01
4.743466347803262551e+01
0.000000000000000000e+00
4.416025600532183404e+01
4.448326011306944849e+01
4.447647572475774069e+01
3.833853754143887471e+01
0.000000000000000000e+00
3.833853754143887471e+01
0.000000000000000000e+00
4.204719033157380181e+01
5.518129550504664849e+01
0.000000000000000000e+00
4.063179763194924021e+01
4.699843926780232550e+01
4.699843926780232550e+01
4.484734586463128636e+01
4.184049284060897378e+01
0.000000000000000000e+00
5.349449815382201479e+01
4.167685757643553757e+01
4.204719033157380181e+01
4.167685757643553757e+01
0.000000000000000000e+00
4.699843926780232550e+01
4.297100717082403065e+01
3.931893572888181865e+01
4.632622454337252549e+01
4.699843926780232550e+01
4.632622454337252549e+01
4.167685757643553757e+01
0.000000000000000000e+00
5.109069585725629281e+01
4.699843926780232550e+01
3.743859670271121587e+01
0.000000000000000000e+00
4.416025600532183404e+01
0.000000000000000000e+00
0.000000000000000000e+00
4.167685757643553757e+01
5.349449815382201479e+01
4.448326011306944849e+01
4.743466347803262551e+01
0.000000000000000000e+00
4.699843926780232550e+01
4.297100717082403065e+01
5.349449815382201479e+01
5.073649046634455573e+01
5.349449815382201479e+01
0.000000000000000000e+00
5.823533285682822225e+01
0.000000000000000000e+00
4.699843926780232550e+01
5.349449815382201479e+01
4.830890469640751661e+01
5.493140977796173985e+01
0.000000000000000000e+00
0.000000000000000000e+00
0.000000000000000000e+00
3.725658082790278769e+01
3.725658082790278769e+01
0.000000000000000000e+00
0.000000000000000000e+00
3.725658082790278769e+01
3.212412440021606130e+01
0.000000000000000000e+00
0.000000000000000000e+00
4.192749136185447156e+01
3.457743240156339226e+01
4.113925235148861503e+01
0.000000000000000000e+00
4.662164491491651575e+01
3.209368451268712619e+01
3.209368451268712619e+01
0.000000000000000000e+00
0.000000000000000000e+00
3.859774249666927659e+01
4.386576325561196654e+01
3.870397854454861886e+01
6.266775912277678628e+01
4.651588291084531335e+01
0.000000000000000000e+00
4.159197714620432151e+01
4.167911738320145076e+01
3.663173388213495230e+01
4.036660971892350602e+01
3.217567738622378926e+01
5.980512451906758997e+01
5.980512451906758997e+01
0.000000000000000000e+00
0.000000000000000000e+00
4.342787803177647987e+01
4.692202570588589339e+01
3.936787003590294631e+01
3.956924476185014328e+01
4.566526612284008735e+01
3.859774249666927659e+01
0.000000000000000000e+00
3.870397854454861886e+01
4.912075981010409009e+01
5.451913122850847770e+01
0.000000000000000000e+00
5.451913122850847770e+01
6.235717958588752907e+01
3.870397854454861886e+01
0.000000000000000000e+00
0.000000000000000000e+00
3.457743240156339226e+01
0.000000000000000000e+00
4.428960839675817596e+01
5.341850114716268649e+01
6.235717958588752907e+01
4.675248108155832938e+01
4.217321059492982016e+01
0.000000000000000000e+00
3.945864541039579620e+01
3.956924476185014328e+01
3.898631679089871938e+01
3.457743240156339226e+01
3.209368451268712619e+01
3.663173388213495230e+01
4.159197714620432151e+01
0.000000000000000000e+00
3.898631679089871938e+01
4.159197714620432151e+01
0.000000000000000000e+00
0.000000000000000000e+00
4.662164491491651575e+01
4.197190091945400070e+01
3.404152110315586555e+01
3.898631679089871938e+01
3.870397854454861886e+01
3.898631679089871938e+01
0.000000000000000000e+00
3.404152110315586555e+01
4.431478658533407611e+01
3.936787003590294631e+01
4.692202570588589339e+01
4.159197714620432151e+01
3.945864541039579620e+01
3.951299425194690684e+01
3.767386806798477750e+01
3.212412440021606130e+01
3.951299425194690684e+01
3.457743240156339226e+01
3.209368451268712619e+01
3.217567738622378926e+01
0.000000000000000000e+00
4.159197714620432151e+01
3.898631679089871938e+01
0.000000000000000000e+00
4.245967302253887965e+01
4.692202570588589339e+01
4.217321059492982016e+01
3.457743240156339226e+01
3.791058539102645142e+01
5.005835610454195006e+01
3.868222025389489005e+01
5.361513646607706818e+01
4.760165154000593901e+01
0.000000000000000000e+00
0.000000000000000000e+00
3.725890407743776223e+01
3.804470486576481392e+01
4.105953385179881820e+01
3.467051724027088966e+01
3.960445948504020919e+01
3.679549908761683241e+01
3.760509374071430244e+01
0.000000000000000000e+00
0.000000000000000000e+00
4.001539964409657557e+01
4.313372869977886381e+01
0.000000000000000000e+00
5.005835610454195006e+01
3.956986664621793892e+01
0.000000000000000000e+00
0.000000000000000000e+00
4.101080456974994348e+01
0.000000000000000000e+00
3.760728578913204956e+01
0.000000000000000000e+00
3.842673343507499339e+01
3.760728578913204956e+01
0.000000000000000000e+00
0.000000000000000000e+00
5.201648344808317859e+01
0.000000000000000000e+00
0.000000000000000000e+00
0.000000000000000000e+00
0.000000000000000000e+00
0.000000000000000000e+00
6.535368294469931527e+01
0.000000000000000000e+00
3.725890407743776223e+01
0.000000000000000000e+00
0.000000000000000000e+00
3.791058539102645142e+01
3.960445948504020919e+01
0.000000000000000000e+00
4.101332496622849533e+01
3.516708676057922389e+01
0.000000000000000000e+00
4.311991197146637944e+01
4.184183270877440464e+01
0.000000000000000000e+00
0.000000000000000000e+00
0.000000000000000000e+00
3.786872801793904131e+01
3.467051724027088966e+01
0.000000000000000000e+00
4.103785098647985308e+01
3.935795843353430712e+01
4.119124372727836203e+01
0.000000000000000000e+00
4.119124372727836203e+01
3.725890407743776223e+01
4.119124372727836203e+01
3.758239274711437616e+01
3.741493855504166532e+01
3.758239274711437616e+01
0.000000000000000000e+00
3.725890407743776223e+01
3.777825758032251713e+01
0.000000000000000000e+00
4.699843926780232550e+01
4.131329455475617607e+01
3.777825758032251713e+01
3.958025904015349994e+01
4.762002094156862597e+01
0.000000000000000000e+00
3.851025338674403997e+01
0.000000000000000000e+00
0.000000000000000000e+00
5.826976842955771474e+01
0.000000000000000000e+00
0.000000000000000000e+00
3.532127600643596566e+01
4.157805662115604406e+01
0.000000000000000000e+00
0.000000000000000000e+00
5.201648344808317859e+01
4.418046694064161528e+01
3.842673343507499339e+01
3.874743420897466706e+01
3.806289595502287426e+01
3.758239274711437616e+01
3.958025904015349994e+01
3.840322787372792135e+01
5.377159205246478990e+01
4.587709753791583722e+01
3.791058539102645142e+01
5.389836912022615678e+01
3.996500671988513886e+01
3.842673343507499339e+01
0.000000000000000000e+00
4.090236497647352110e+01
4.318839287559659113e+01
3.548860069377627013e+01
5.135619491106032086e+01
4.611002029394241220e+01
4.082935606386620009e+01
4.954339816402486463e+01
5.369427223634567525e+01
4.388692954780879063e+01
0.000000000000000000e+00
3.946945934326574701e+01
4.226547245116024953e+01
4.226547245116024953e+01
4.078653481983467088e+01
4.388692954780879063e+01
0.000000000000000000e+00
0.000000000000000000e+00
4.078653481983467088e+01
0.000000000000000000e+00
4.388692954780879063e+01
3.738683999151428594e+01
4.086277547739997829e+01
4.576124779369835949e+01
4.225424522450871478e+01
4.388692954780879063e+01
3.738683999151428594e+01
3.738683999151428594e+01
4.388692954780879063e+01
4.585929005534916314e+01
4.078653481983467088e+01
4.078653481983467088e+01
3.738683999151428594e+01
3.779654542905173997e+01
4.249238724870946271e+01
4.251518041365195444e+01
4.130489247102545391e+01
4.082935606386620009e+01
3.929611769913005759e+01
4.193935932401687694e+01
0.000000000000000000e+00
5.168011147912828562e+01
0.000000000000000000e+00
0.000000000000000000e+00
4.078653481983467088e+01
3.946945934326574701e+01
0.000000000000000000e+00
4.078653481983467088e+01
3.946945934326574701e+01
3.955690231413887403e+01
4.082935606386620009e+01
4.226547245116024953e+01
5.054136108183059406e+01
0.000000000000000000e+00
4.078653481983467088e+01
4.411782032444758528e+01
5.823664708905808851e+01
4.466733385076351226e+01
0.000000000000000000e+00
3.738683999151428594e+01
0.000000000000000000e+00
3.548860069377627013e+01
3.929611769913005759e+01
4.988078732147542382e+01
0.000000000000000000e+00
0.000000000000000000e+00
4.078653481983467088e+01
0.000000000000000000e+00
4.452351758193147901e+01
3.955690231413887403e+01
4.225424522450871478e+01
5.108958408860959111e+01
5.635925137393375906e+01
4.225424522450871478e+01
4.947642094838182913e+01
3.548860069377627013e+01
4.988078732147542382e+01
3.779654542905173997e+01
0.000000000000000000e+00
4.090236497647352110e+01
3.983322398425566035e+01
0.000000000000000000e+00
4.148556279754858878e+01
0.000000000000000000e+00
3.548860069377627013e+01
4.340496533216192887e+01
4.177413072352359791e+01
4.466733385076351226e+01
0.000000000000000000e+00
0.000000000000000000e+00
4.078653481983467088e+01
4.082935606386620009e+01
0.000000000000000000e+00
4.611002029394241220e+01
3.929611769913005759e+01
4.394640282175312507e+01
4.225424522450871478e+01
3.738683999151428594e+01
4.177413072352359791e+01
3.765568890724103568e+01
3.879984721139791048e+01
0.000000000000000000e+00
0.000000000000000000e+00
0.000000000000000000e+00
3.349645784513174362e+01
0.000000000000000000e+00
3.439224122200549516e+01
0.000000000000000000e+00
3.323009901954331013e+01
3.879984721139791048e+01
3.312049325922929910e+01
2.918358678170806897e+01
3.348190849046195439e+01
3.879984721139791048e+01
0.000000000000000000e+00
0.000000000000000000e+00
0.000000000000000000e+00
0.000000000000000000e+00
2.964239887761336334e+01
0.000000000000000000e+00
2.964239887761336334e+01
3.407102428443042896e+01
3.312049325922929910e+01
0.000000000000000000e+00
0.000000000000000000e+00
3.491944649214015328e+01
0.000000000000000000e+00
4.032584554373261909e+01
0.000000000000000000e+00
3.682109819458741384e+01
0.000000000000000000e+00
3.838468263275301240e+01
4.032584554373261909e+01
3.327043774033262480e+01
0.000000000000000000e+00
4.403878423689323540e+01
4.216816768461939802e+01
4.008403597845873634e+01
4.358097685793844533e+01
0.000000000000000000e+00
2.964239887761336334e+01
2.964239887761336334e+01
4.032503269813339841e+01
0.000000000000000000e+00
3.716512991271829947e+01
3.537540975190001546e+01
4.263079013612025392e+01
3.439224122200549516e+01
3.202155471549793475e+01
0.000000000000000000e+00
0.000000000000000000e+00
4.131599700290719568e+01
0.000000000000000000e+00
0.000000000000000000e+00
0.000000000000000000e+00
0.000000000000000000e+00
0.000000000000000000e+00
4.748303716914656292e+01
2.964239887761336334e+01
3.368495219244836392e+01
4.228578106282821381e+01
4.216816768461939802e+01
3.904562096562936091e+01
0.000000000000000000e+00
0.000000000000000000e+00
2.964239887761336334e+01
4.406395880510632423e+01
3.526155485955253255e+01
3.696446909597563746e+01
3.368495219244836392e+01
4.403878423689323540e+01
3.165275482301537835e+01
4.997014870607839754e+01
0.000000000000000000e+00
0.000000000000000000e+00
3.349645784513174362e+01
0.000000000000000000e+00
3.304396145566723675e+01
0.000000000000000000e+00
2.918358678170806897e+01
0.000000000000000000e+00
0.000000000000000000e+00
2.981623473692626192e+01
5.095433847122433946e+01
3.696446909597563746e+01
4.269799734226904064e+01
5.201648344808317859e+01
5.201648344808317859e+01
3.652620300367642869e+01
3.526155485955253255e+01
2.964239887761336334e+01
4.263079013612025392e+01
0.000000000000000000e+00
4.388713301123179633e+01
4.403878423689323540e+01
3.407102428443042896e+01
0.000000000000000000e+00
4.409379903595073102e+01
3.652620300367642869e+01
3.676665901727228203e+01
3.750365360705700368e+01
3.397651349878753990e+01
0.000000000000000000e+00
3.945522590927577511e+01
0.000000000000000000e+00
3.314556674967153072e+01
3.445638383527444404e+01
0.000000000000000000e+00
3.821656614095239490e+01
5.131951837130400662e+01
4.685320739835587034e+01
4.474937826407291652e+01
4.705643897174237367e+01
4.705643897174237367e+01
3.774841593949688701e+01
3.128454047912595470e+01
4.102954432526192363e+01
0.000000000000000000e+00
0.000000000000000000e+00
3.120870654126238364e+01
4.102954432526192363e+01
3.325582968444490461e+01
0.000000000000000000e+00
3.120870654126238364e+01
0.000000000000000000e+00
4.607996915437117735e+01
4.607996915437117735e+01
0.000000000000000000e+00
3.128454047912595470e+01
3.500138004303868655e+01
3.481032869298448418e+01
0.000000000000000000e+00
3.325582968444490461e+01
3.325582968444490461e+01
4.705643897174237367e+01
4.939275090208103336e+01
3.680784135382010192e+01
0.000000000000000000e+00
0.000000000000000000e+00
3.120870654126238364e+01
0.000000000000000000e+00
3.116770957759639771e+01
3.161441019950569142e+01
3.314556674967153072e+01
0.000000000000000000e+00
0.000000000000000000e+00
3.346000172928352612e+01
0.000000000000000000e+00
3.576093824877658278e+01
4.939275090208103336e+01
4.705643897174237367e+01
0.000000000000000000e+00
0.000000000000000000e+00
5.530561508515975078e+01
4.118191030263542274e+01
3.346000172928352612e+01
4.020016214988439884e+01
3.832379495922064905e+01
3.128454047912595470e+01
0.000000000000000000e+00
3.346000172928352612e+01
0.000000000000000000e+00
3.613108204251791022e+01
3.532963063958405314e+01
4.685320739835587034e+01
3.626816310326306336e+01
0.000000000000000000e+00
0.000000000000000000e+00
4.324003590803692987e+01
0.000000000000000000e+00
0.000000000000000000e+00
0.000000000000000000e+00
3.387484999512636108e+01
3.161441019950569142e+01
3.481032869298448418e+01
0.000000000000000000e+00
3.346000172928352612e+01
4.607996915437117735e+01
3.325582968444490461e+01
3.445638383527444404e+01
3.325582968444490461e+01
3.397651349878753990e+01
3.626816310326306336e+01
4.118191030263542274e+01
3.469503678542249503e+01
3.481032869298448418e+01
5.530561508515975078e+01
3.481032869298448418e+01
4.685320739835587034e+01
5.131951837130400662e+01
0.000000000000000000e+00
3.821656614095239490e+01
3.031228018072106778e+01
3.116770957759639771e+01
0.000000000000000000e+00
3.750365360705700368e+01
4.705643897174237367e+01
3.161441019950569142e+01
3.626816310326306336e+01
3.603290305230707702e+01
3.603290305230707702e+01
4.345522720464574462e+01
3.448566365535441491e+01
3.516804798534245435e+01
3.369265240078770063e+01
3.369265240078770063e+01
0.000000000000000000e+00
3.483304891785012103e+01
0.000000000000000000e+00
3.395208353789693945e+01
0.000000000000000000e+00
3.890662794040247263e+01
4.730290810829561110e+01
4.561264296675803109e+01
0.000000000000000000e+00
3.483304891785012103e+01
3.984894527362975225e+01
4.561264296675803109e+01
0.000000000000000000e+00
3.483304891785012103e+01
3.910479456921051877e+01
3.755556400695474650e+01
0.000000000000000000e+00
0.000000000000000000e+00
3.866542179339489849e+01
4.786589562731593617e+01
5.487732069515891453e+01
3.641237552723240611e+01
0.000000000000000000e+00
0.000000000000000000e+00
5.389836912022615678e+01
4.512486631119052305e+01
3.642788799596797134e+01
4.127911876793982060e+01
4.512486631119052305e+01
5.583951263474182269e+01
4.332839564278399536e+01
3.866542179339489849e+01
4.112993673859894983e+01
4.433858743376342204e+01
0.000000000000000000e+00
5.449244391206453031e+01
3.641237552723240611e+01
4.730290810829561110e+01
4.786589562731593617e+01
0.000000000000000000e+00
4.547416660752845274e+01
3.369265240078770063e+01
3.878482869059040894e+01
5.389836912022615678e+01
3.537534733342128845e+01
3.369265240078770063e+01
0.000000000000000000e+00
0.000000000000000000e+00
4.547416660752845274e+01
4.991916964102097864e+01
0.000000000000000000e+00
0.000000000000000000e+00
4.198260433388099244e+01
4.733209548458091120e+01
4.198260433388099244e+01
3.641237552723240611e+01
0.000000000000000000e+00
3.641237552723240611e+01
5.046718548712932062e+01
4.127911876793982060e+01
0.000000000000000000e+00
4.127911876793982060e+01
3.713415264924494608e+01
0.000000000000000000e+00
3.369265240078770063e+01
3.369265240078770063e+01
3.483304891785012103e+01
3.483304891785012103e+01
5.328702193862303460e+01
3.984894527362975225e+01
4.992473708906631913e+01
5.328702193862303460e+01
4.733209548458091120e+01
0.000000000000000000e+00
0.000000000000000000e+00
4.562381972814832665e+01
4.099036572247858601e+01
3.369265240078770063e+01
4.099036572247858601e+01
4.112993673859894983e+01
3.878482869059040894e+01
0.000000000000000000e+00
0.000000000000000000e+00
3.755556400695474650e+01
4.099036572247858601e+01
0.000000000000000000e+00
0.000000000000000000e+00
4.547416660752845274e+01
5.389836912022615678e+01
0.000000000000000000e+00
4.099036572247858601e+01
4.730290810829561110e+01
3.369265240078770063e+01
5.000727596430731836e+01
3.366202189701731839e+01
3.040464051210308938e+01
3.977494916559398064e+01
0.000000000000000000e+00
3.557805838861971637e+01
3.342133577994257365e+01
0.000000000000000000e+00
4.518922615834154755e+01
0.000000000000000000e+00
3.276194543864329489e+01
3.426042242526123260e+01
3.666002122119836315e+01
0.000000000000000000e+00
4.527900594274601787e+01
3.524550290483098536e+01
0.000000000000000000e+00
3.612559246934313961e+01
0.000000000000000000e+00
0.000000000000000000e+00
0.000000000000000000e+00
3.752453129709537905e+01
4.259277554319410797e+01
0.000000000000000000e+00
3.801607950588434193e+01
3.251330552200206370e+01
3.345213517205570497e+01
0.000000000000000000e+00
0.000000000000000000e+00
4.219164774651320471e+01
4.527900594274601787e+01
3.599967347084485425e+01
3.558202683809621902e+01
0.000000000000000000e+00
3.605712497556187657e+01
3.442957808859182478e+01
3.906643931523207414e+01
5.068502727054023893e+01
3.599967347084485425e+01
0.000000000000000000e+00
0.000000000000000000e+00
4.527900594274601787e+01
5.310492013266024003e+01
3.251330552200206370e+01
0.000000000000000000e+00
4.259277554319410797e+01
3.366202189701731839e+01
3.747498427558762302e+01
0.000000000000000000e+00
4.308470086084494000e+01
0.000000000000000000e+00
4.308470086084494000e+01
0.000000000000000000e+00
3.852173987262720090e+01
0.000000000000000000e+00
4.257071371119065617e+01
0.000000000000000000e+00
0.000000000000000000e+00
3.579070408886030918e+01
3.921588442016985709e+01
3.206077890822089671e+01
3.586388615699852522e+01
0.000000000000000000e+00
3.557805838861971637e+01
3.366202189701731839e+01
0.000000000000000000e+00
3.747498427558762302e+01
3.519412608335375836e+01
0.000000000000000000e+00
3.641912717576552438e+01
0.000000000000000000e+00
0.000000000000000000e+00
3.780043819637976554e+01
0.000000000000000000e+00
3.251330552200206370e+01
3.558202683809621902e+01
3.801607950588434193e+01
3.519412608335375836e+01
3.251330552200206370e+01
3.906643931523207414e+01
3.561349530936440289e+01
0.000000000000000000e+00
3.251330552200206370e+01
3.438463259576169406e+01
0.000000000000000000e+00
0.000000000000000000e+00
0.000000000000000000e+00
0.000000000000000000e+00
0.000000000000000000e+00
0.000000000000000000e+00
4.836243803668249797e+01
3.852173987262720090e+01
3.969842786775429033e+01
0.000000000000000000e+00
0.000000000000000000e+00
3.977494916559398064e+01
3.895990351646099015e+01
3.689550909749664243e+01
3.442957808859182478e+01
0.000000000000000000e+00
0.000000000000000000e+00
4.912290175945686599e+01
3.621903027239543604e+01
4.287048239279354078e+01
0.000000000000000000e+00
3.090047410590919341e+01
4.099178060465435181e+01
0.000000000000000000e+00
3.283378279907731212e+01
0.000000000000000000e+00
4.472365419805313991e+01
0.000000000000000000e+00
3.802700362031366410e+01
4.649559126130516518e+01
5.821781455131235106e+01
3.802700362031366410e+01
0.000000000000000000e+00
4.058325307177803154e+01
5.260585647912242990e+01
3.655391579645558409e+01
0.000000000000000000e+00
0.000000000000000000e+00
0.000000000000000000e+00
4.058325307177803154e+01
4.180526422697813871e+01
0.000000000000000000e+00
0.000000000000000000e+00
4.322118445004124965e+01
0.000000000000000000e+00
0.000000000000000000e+00
0.000000000000000000e+00
0.000000000000000000e+00
4.949087382827597281e+01
4.472365419805313991e+01
0.000000000000000000e+00
2.777191563968233012e+01
4.322865845813385732e+01
0.000000000000000000e+00
5.300564737981076036e+01
4.427576510092031015e+01
3.828351574417108338e+01
0.000000000000000000e+00
3.581068891145012856e+01
0.000000000000000000e+00
3.456443111739241658e+01
3.713857267698524112e+01
4.399695808519265938e+01
4.949087382827597281e+01
3.655391579645558409e+01
4.322118445004124965e+01
3.782955920504924308e+01
3.713857267698524112e+01
5.821781455131235106e+01
5.821781455131235106e+01
4.427576510092031015e+01
0.000000000000000000e+00
4.912290175945686599e+01
3.655391579645558409e+01
3.802700362031366410e+01
5.821781455131235106e+01
0.000000000000000000e+00
3.456443111739241658e+01
3.655391579645558409e+01
3.655391579645558409e+01
0.000000000000000000e+00
4.812600017600113489e+01
3.354432906653248381e+01
0.000000000000000000e+00
0.000000000000000000e+00
3.967119025811696531e+01
0.000000000000000000e+00
5.821781455131235106e+01
3.802700362031366410e+01
0.000000000000000000e+00
0.000000000000000000e+00
4.060050087476759728e+01
0.000000000000000000e+00
0.000000000000000000e+00
4.812600017600113489e+01
5.712806615542508126e+01
4.472365419805313991e+01
0.000000000000000000e+00
0.000000000000000000e+00
3.801538722267338954e+01
4.648656998052091893e+01
0.000000000000000000e+00
0.000000000000000000e+00
4.180526422697813871e+01
3.967119025811696531e+01
5.821781455131235106e+01
0.000000000000000000e+00
3.828351574417108338e+01
4.949087382827597281e+01
0.000000000000000000e+00
4.299706865756756713e+01
4.622771849315562065e+01
4.411702215819533990e+01
0.000000000000000000e+00
4.912290175945686599e+01
4.334458264722254484e+01
3.218824521201020161e+01
4.330483558522728771e+01
4.330483558522728771e+01
0.000000000000000000e+00
0.000000000000000000e+00
4.015862814000289660e+01
0.000000000000000000e+00
3.352118961985708978e+01
4.228165740005504603e+01
3.760628671248060328e+01
5.535045275925320851e+01
0.000000000000000000e+00
0.000000000000000000e+00
3.817646400847678478e+01
0.000000000000000000e+00
0.000000000000000000e+00
4.198997116680362041e+01
3.914501821273870519e+01
0.000000000000000000e+00
0.000000000000000000e+00
0.000000000000000000e+00
0.000000000000000000e+00
5.016012097048105289e+01
5.182511502029630179e+01
4.250348674823185036e+01
3.760628671248060328e+01
4.015862814000289660e+01
3.796474035684856574e+01
3.796474035684856574e+01
3.817646400847678478e+01
0.000000000000000000e+00
3.760628671248060328e+01
0.000000000000000000e+00
4.598659219905847095e+01
4.464429574722524308e+01
4.526672432478597585e+01
0.000000000000000000e+00
0.000000000000000000e+00
0.000000000000000000e+00
0.000000000000000000e+00
3.943105494272609235e+01
3.760628671248060328e+01
0.000000000000000000e+00
3.817646400847678478e+01
5.182511502029630179e+01
0.000000000000000000e+00
5.182511502029630179e+01
4.505564324825338929e+01
3.889334240737420600e+01
5.772996992225379387e+01
0.000000000000000000e+00
3.943105494272609235e+01
4.662616270867308543e+01
4.785469919675448836e+01
4.012731054735330360e+01
3.943105494272609235e+01
3.796474035684856574e+01
4.789667276580348698e+01
0.000000000000000000e+00
3.760628671248060328e+01
4.083960309553233259e+01
3.760628671248060328e+01
0.000000000000000000e+00
3.914501821273870519e+01
0.000000000000000000e+00
4.526672432478597585e+01
4.704067235959812621e+01
3.914501821273870519e+01
0.000000000000000000e+00
3.914501821273870519e+01
3.914501821273870519e+01
4.785469919675448836e+01
4.241650934265456385e+01
5.037529492023859490e+01
0.000000000000000000e+00
4.704067235959812621e+01
3.918025971699999843e+01
4.241650934265456385e+01
0.000000000000000000e+00
4.688107826838630388e+01
3.943105494272609235e+01
3.943105494272609235e+01
3.943105494272609235e+01
3.943105494272609235e+01
4.789667276580348698e+01
3.943105494272609235e+01
4.757270612681330846e+01
5.772996992225379387e+01
5.182511502029630179e+01
4.757270612681330846e+01
0.000000000000000000e+00
0.000000000000000000e+00
4.083960309553233259e+01
4.526672432478597585e+01
4.070593226821416266e+01
3.943105494272609235e+01
0.000000000000000000e+00
4.704067235959812621e+01
4.526672432478597585e+01
4.471924467685570193e+01
0.000000000000000000e+00
4.123562357020838220e+01
6.797058867093537060e+01
4.987553287558795034e+01
4.510725842842191469e+01
0.000000000000000000e+00
3.866981211289206044e+01
0.000000000000000000e+00
0.000000000000000000e+00
3.641404400060397961e+01
3.597851386211967650e+01
3.684632858928314647e+01
0.000000000000000000e+00
4.258152229727745919e+01
4.258152229727745919e+01
3.144460770391550142e+01
3.307372014820661121e+01
0.000000000000000000e+00
4.898361118873391007e+01
0.000000000000000000e+00
0.000000000000000000e+00
3.682769345249185022e+01
0.000000000000000000e+00
2.933676896882121454e+01
4.836243803668249797e+01
3.402401744986681109e+01
0.000000000000000000e+00
4.283735137884877986e+01
5.009598652856264067e+01
3.444212896244977884e+01
0.000000000000000000e+00
4.393204435765520088e+01
3.015844598667897358e+01
0.000000000000000000e+00
0.000000000000000000e+00
0.000000000000000000e+00
4.092580389343987690e+01
4.510725842842191469e+01
3.418776927921421560e+01
0.000000000000000000e+00
4.393204435765520088e+01
3.404160060621385497e+01
0.000000000000000000e+00
2.850845034330409788e+01
4.898361118873391007e+01
0.000000000000000000e+00
3.490869561079436068e+01
0.000000000000000000e+00
0.000000000000000000e+00
3.651767580475754471e+01
4.393204435765520088e+01
0.000000000000000000e+00
5.575464932186134348e+01
3.651767580475754471e+01
3.641404400060397961e+01
4.233200345236065232e+01
3.408514725151255220e+01
3.418776927921421560e+01
3.412455529984637792e+01
0.000000000000000000e+00
4.016505326177848900e+01
4.319796056595279055e+01
0.000000000000000000e+00
4.605680027096214957e+01
3.418675528825973942e+01
0.000000000000000000e+00
0.000000000000000000e+00
0.000000000000000000e+00
0.000000000000000000e+00
3.307372014820661121e+01
3.906643931523207414e+01
0.000000000000000000e+00
0.000000000000000000e+00
4.289277497509261394e+01
3.107286184533044704e+01
0.000000000000000000e+00
3.634113985580065531e+01
4.874468526562321813e+01
4.334287445779364845e+01
0.000000000000000000e+00
2.850845034330409788e+01
3.651767580475754471e+01
0.000000000000000000e+00
2.933676896882121454e+01
2.933676896882121454e+01
0.000000000000000000e+00
3.418776927921421560e+01
3.490869561079436068e+01
3.490869561079436068e+01
3.634113985580065531e+01
0.000000000000000000e+00
2.933676896882121454e+01
3.587378929594256505e+01
0.000000000000000000e+00
3.144460770391550142e+01
4.253500104666277792e+01
3.788574242056991181e+01
0.000000000000000000e+00
3.995411695215106818e+01
0.000000000000000000e+00
4.470259354379437156e+01
3.342053912292197992e+01
4.414809316564348762e+01
0.000000000000000000e+00
3.511806492400314283e+01
3.435352028793239043e+01
4.846522220292868610e+01
3.342053912292197992e+01
4.792889404312816026e+01
5.377515598905074512e+01
3.625578828546839816e+01
4.283735137884877986e+01
4.140776749679957902e+01
4.475506355950123805e+01
0.000000000000000000e+00
4.385914378167324656e+01
4.473119394268847060e+01
3.596919736389837396e+01
0.000000000000000000e+00
0.000000000000000000e+00
3.881388859345502595e+01
3.985143427363086488e+01
3.722338726813404008e+01
4.140776749679957902e+01
3.722338726813404008e+01
0.000000000000000000e+00
0.000000000000000000e+00
0.000000000000000000e+00
0.000000000000000000e+00
5.377515598905074512e+01
5.377515598905074512e+01
0.000000000000000000e+00
4.265759246274775762e+01
3.596919736389837396e+01
0.000000000000000000e+00
4.265759246274775762e+01
0.000000000000000000e+00
4.474937826407291652e+01
3.596919736389837396e+01
3.397734016962770909e+01
4.265759246274775762e+01
0.000000000000000000e+00
0.000000000000000000e+00
4.474937826407291652e+01
4.185200636397188845e+01
0.000000000000000000e+00
0.000000000000000000e+00
3.722338726813404008e+01
0.000000000000000000e+00
3.722338726813404008e+01
0.000000000000000000e+00
3.823154393360267278e+01
3.512579030468874919e+01
4.117586996950955580e+01
4.710465013976786963e+01
4.385914378167324656e+01
0.000000000000000000e+00
5.377515598905074512e+01
4.117586996950955580e+01
3.881388859345502595e+01
3.837131247239317133e+01
4.140776749679957902e+01
4.283735137884877986e+01
4.529415422079745923e+01
3.151763757521183251e+01
3.151763757521183251e+01
3.195562304203069459e+01
4.710465013976786963e+01
0.000000000000000000e+00
0.000000000000000000e+00
4.283735137884877986e+01
4.529415422079745923e+01
4.140776749679957902e+01
4.283735137884877986e+01
0.000000000000000000e+00
0.000000000000000000e+00
0.000000000000000000e+00
3.928544553849409482e+01
0.000000000000000000e+00
0.000000000000000000e+00
4.529415422079745923e+01
0.000000000000000000e+00
4.529415422079745923e+01
3.195562304203069459e+01
3.823154393360267278e+01
4.140776749679957902e+01
5.377515598905074512e+01
3.823154393360267278e+01
0.000000000000000000e+00
3.881388859345502595e+01
4.140776749679957902e+01
4.283735137884877986e+01
3.833266985310577013e+01
3.722338726813404008e+01
0.000000000000000000e+00
0.000000000000000000e+00
0.000000000000000000e+00
3.342053912292197992e+01
0.000000000000000000e+00
3.928544553849409482e+01
5.041070054124672595e+01
3.429426465668269230e+01
5.106095283869209567e+01
3.313320093246311160e+01
2.940976003756604484e+01
3.019904752012389437e+01
2.213978356898948263e+01
2.389916498128979327e+01
0.000000000000000000e+00
2.303830322315055312e+01
0.000000000000000000e+00
3.106967499042910674e+01
2.804690469773699846e+01
3.294648254523247743e+01
2.389916498128979327e+01
0.000000000000000000e+00
3.939905693227016314e+01
0.000000000000000000e+00
0.000000000000000000e+00
0.000000000000000000e+00
0.000000000000000000e+00
0.000000000000000000e+00
2.389916498128979327e+01
3.661004806778871767e+01
0.000000000000000000e+00
0.000000000000000000e+00
0.000000000000000000e+00
3.661004806778871767e+01
0.000000000000000000e+00
3.968830657430972053e+01
3.968830657430972053e+01
0.000000000000000000e+00
3.661004806778871767e+01
3.968830657430972053e+01
2.500363839643188157e+01
3.661004806778871767e+01
3.968830657430972053e+01
3.294648254523247743e+01
3.078866883604565530e+01
2.917354202564085952e+01
0.000000000000000000e+00
2.668045672895781451e+01
2.561206159434919982e+01
3.118895035322497122e+01
3.428838391442724998e+01
0.000000000000000000e+00
0.000000000000000000e+00
0.000000000000000000e+00
0.000000000000000000e+00
2.704173209161374558e+01
0.000000000000000000e+00
3.053666249108521313e+01
4.269387228476173846e+01
2.561206159434919982e+01
0.000000000000000000e+00
0.000000000000000000e+00
0.000000000000000000e+00
3.294648254523247743e+01
0.000000000000000000e+00
0.000000000000000000e+00
0.000000000000000000e+00
0.000000000000000000e+00
2.668045672895781451e+01
3.131417175016704135e+01
0.000000000000000000e+00
0.000000000000000000e+00
2.668045672895781451e+01
0.000000000000000000e+00
4.374733071860205769e+01
2.899330673502494804e+01
3.074575869949385876e+01
0.000000000000000000e+00
6.223490008905628201e+01
2.704173209161374558e+01
0.000000000000000000e+00
0.000000000000000000e+00
2.932777617894215894e+01
3.131417175016704135e+01
0.000000000000000000e+00
0.000000000000000000e+00
0.000000000000000000e+00
2.668045672895781451e+01
0.000000000000000000e+00
2.668045672895781451e+01
2.903362889745273989e+01
0.000000000000000000e+00
2.389916498128979327e+01
0.000000000000000000e+00
3.079987188554418154e+01
3.661004806778871767e+01
0.000000000000000000e+00
4.725333554913003553e+01
0.000000000000000000e+00
3.294648254523247743e+01
2.668045672895781451e+01
0.000000000000000000e+00
3.079987188554418154e+01
3.118895035322497122e+01
2.668045672895781451e+01
3.661004806778871767e+01
0.000000000000000000e+00
3.127844136753724413e+01
3.606730296067618724e+01
0.000000000000000000e+00
0.000000000000000000e+00
0.000000000000000000e+00
3.597851386211967650e+01
3.597851386211967650e+01
4.382468105695444649e+01
3.295304852957765718e+01
0.000000000000000000e+00
4.539838091693434308e+01
3.419490462668368025e+01
3.521344606918702880e+01
4.527900594274601787e+01
4.358097685793844533e+01
3.917064659791533643e+01
3.251330552200206370e+01
0.000000000000000000e+00
3.917064659791533643e+01
4.425491218401857907e+01
0.000000000000000000e+00
4.473795955248417044e+01
3.114095529626979797e+01
0.000000000000000000e+00
3.597851386211967650e+01
0.000000000000000000e+00
3.093900932451215269e+01
4.473795955248417044e+01
3.206077890822089671e+01
2.983784403492559534e+01
0.000000000000000000e+00
0.000000000000000000e+00
0.000000000000000000e+00
0.000000000000000000e+00
3.195448726690530350e+01
3.123891903578192242e+01
0.000000000000000000e+00
3.361567554762913801e+01
3.993922973365928186e+01
4.123562357020838220e+01
5.511878733300160604e+01
0.000000000000000000e+00
3.114095529626979797e+01
3.495823097661985202e+01
3.684068671113909232e+01
0.000000000000000000e+00
4.074152137002256779e+01
0.000000000000000000e+00
3.093900932451215269e+01
0.000000000000000000e+00
4.266877470980609388e+01
0.000000000000000000e+00
0.000000000000000000e+00
0.000000000000000000e+00
5.041092033420640206e+01
3.287368634364364084e+01
4.826109516534864952e+01
2.999294252441354658e+01
3.378480801344390017e+01
0.000000000000000000e+00
0.000000000000000000e+00
3.187156790705794052e+01
4.826109516534864952e+01
5.511878733300160604e+01
3.531507133250170227e+01
3.127844136753724413e+01
0.000000000000000000e+00
4.479071326517380669e+01
3.302257748301083495e+01
3.114095529626979797e+01
0.000000000000000000e+00
3.127844136753724413e+01
3.005572753091104587e+01
3.684068671113909232e+01
0.000000000000000000e+00
6.438888169567594844e+01
3.924169242284752812e+01
3.393661470897847465e+01
5.002380554908589971e+01
2.773320100666203558e+01
4.799614568230700229e+01
0.000000000000000000e+00
0.000000000000000000e+00
4.195214701076693586e+01
3.222266496877239916e+01
3.862076763251295830e+01
3.353394255792343159e+01
3.187156790705794052e+01
3.127844136753724413e+01
4.646317520549730062e+01
4.684243349593949546e+01
0.000000000000000000e+00
3.675054177270354216e+01
0.000000000000000000e+00
0.000000000000000000e+00
0.000000000000000000e+00
0.000000000000000000e+00
3.089774987314934407e+01
4.826109516534864952e+01
4.134449872641899049e+01
3.391463647623523769e+01
3.424044314776059394e+01
3.613722604109088365e+01
0.000000000000000000e+00
5.800080754164299890e+01
3.497109386185460522e+01
0.000000000000000000e+00
0.000000000000000000e+00
3.564838727714571576e+01
3.613722604109088365e+01
3.583325364740750985e+01
4.171676385342213678e+01
0.000000000000000000e+00
3.378530640085734404e+01
4.539838091693434308e+01
0.000000000000000000e+00
4.006730342911599507e+01
0.000000000000000000e+00
5.458307631593414300e+01
3.372200618229614832e+01
4.308180708345554422e+01
0.000000000000000000e+00
3.749563718419497604e+01
3.053912389329904897e+01
3.961147557223807780e+01
0.000000000000000000e+00
3.233488429255249486e+01
5.333172635532140049e+01
3.829114152816229932e+01
4.171676385342213678e+01
4.069319190968846556e+01
5.707138762758602013e+01
0.000000000000000000e+00
5.800080754164299890e+01
3.602230842662207522e+01
3.613722604109088365e+01
3.949448987593618909e+01
3.233488429255249486e+01
0.000000000000000000e+00
3.497109386185460522e+01
3.544266736785595384e+01
0.000000000000000000e+00
3.737330321020485968e+01
0.000000000000000000e+00
0.000000000000000000e+00
5.784960903694601342e+01
3.573590939468145677e+01
3.233488429255249486e+01
4.441089833121385766e+01
0.000000000000000000e+00
0.000000000000000000e+00
4.441089833121385766e+01
0.000000000000000000e+00
6.011764199322611546e+01
0.000000000000000000e+00
3.698506460424759013e+01
4.550638684672352241e+01
4.577481993503860735e+01
5.800080754164299890e+01
0.000000000000000000e+00
0.000000000000000000e+00
4.243999055561503297e+01
4.235715762672857210e+01
5.073196727260936001e+01
0.000000000000000000e+00
3.544266736785595384e+01
4.171676385342213678e+01
3.519350637473128529e+01
3.544266736785595384e+01
0.000000000000000000e+00
0.000000000000000000e+00
6.518183591604150706e+01
3.465925962045876219e+01
3.544266736785595384e+01
3.233488429255249486e+01
0.000000000000000000e+00
6.040256500870344780e+01
0.000000000000000000e+00
4.735089230671329830e+01
3.195969328274481569e+01
0.000000000000000000e+00
4.947726023663985018e+01
3.544266736785595384e+01
4.947726023663985018e+01
3.441907136545331269e+01
3.441907136545331269e+01
5.381168481714928475e+01
4.687444039629134807e+01
4.610682270389599324e+01
0.000000000000000000e+00
3.497109386185460522e+01
0.000000000000000000e+00
4.441089833121385766e+01
3.357703724209106610e+01
4.724353225687104185e+01
3.433590404184086964e+01
0.000000000000000000e+00
0.000000000000000000e+00
4.616843204949384472e+01
4.357508303069373312e+01
4.324028049056955325e+01
4.869396409557717931e+01
0.000000000000000000e+00
0.000000000000000000e+00
0.000000000000000000e+00
3.832368546909312101e+01
4.204672105486093159e+01
0.000000000000000000e+00
4.542155118296691541e+01
0.000000000000000000e+00
0.000000000000000000e+00
0.000000000000000000e+00
0.000000000000000000e+00
5.233398557939393214e+01
4.103028093713153623e+01
0.000000000000000000e+00
0.000000000000000000e+00
2.893770530423995524e+01
3.934613634606701282e+01
3.004593458910526138e+01
3.579816573911998034e+01
0.000000000000000000e+00
0.000000000000000000e+00
0.000000000000000000e+00
3.579816573911998034e+01
5.474833131331855895e+01
3.767521917090125072e+01
4.862754653248995140e+01
0.000000000000000000e+00
5.193810202462002934e+01
0.000000000000000000e+00
0.000000000000000000e+00
3.688757709963632436e+01
3.491874615099666812e+01
0.000000000000000000e+00
4.140830293511205440e+01
4.320721924577336637e+01
3.491874615099666812e+01
0.000000000000000000e+00
3.761789769977611542e+01
3.357147225620379061e+01
3.536340631598646667e+01
3.279001559676002842e+01
3.124177823284553668e+01
2.893770530423995524e+01
3.868766705530197925e+01
3.279001559676002842e+01
2.995365884738512818e+01
3.074392517571319416e+01
3.124177823284553668e+01
4.140322263950428550e+01
4.496461884875331094e+01
4.140830293511205440e+01
5.652344304791289176e+01
0.000000000000000000e+00
4.488157714188452729e+01
3.934613634606701282e+01
0.000000000000000000e+00
3.491874615099666812e+01
3.934613634606701282e+01
3.491874615099666812e+01
0.000000000000000000e+00
4.858341951455288665e+01
4.140322263950428550e+01
5.027628278156470998e+01
3.833820390147435120e+01
4.067538845139406334e+01
3.579816573911998034e+01
3.755822710237357853e+01
4.488157714188452729e+01
3.958642468091627364e+01
4.251071394119561830e+01
4.383059636509924673e+01
3.599144568053873883e+01
4.066893117398426938e+01
0.000000000000000000e+00
4.103028093713153623e+01
0.000000000000000000e+00
3.833820390147435120e+01
3.688757709963632436e+01
3.579816573911998034e+01
3.758620678294278861e+01
3.862850417650504653e+01
3.124177823284553668e+01
3.536340631598646667e+01
3.074392517571319416e+01
0.000000000000000000e+00
3.862850417650504653e+01
4.823467118434771805e+01
4.490361203523961819e+01
3.868766705530197925e+01
4.383059636509924673e+01
3.357147225620379061e+01
3.557664262887564632e+01
4.140830293511205440e+01
3.074392517571319416e+01
4.490361203523961819e+01
4.869396409557717931e+01
0.000000000000000000e+00
0.000000000000000000e+00
3.766745909600904696e+01
4.071264960165634506e+01
4.473420625046287569e+01
3.462761621209161689e+01
3.766745909600904696e+01
3.703318959238317376e+01
4.661441184421150297e+01
0.000000000000000000e+00
4.101332496622849533e+01
3.280063913331584757e+01
4.048098939978478938e+01
3.222651706071371080e+01
3.311629647868477377e+01
3.851025338674403997e+01
3.786872801793904131e+01
3.786872801793904131e+01
3.075257941418832175e+01
3.064255706128198398e+01
3.411376472484600697e+01
3.527514777266900126e+01
3.823211259283932861e+01
0.000000000000000000e+00
3.793871602757111106e+01
2.705548215145834234e+01
3.655457496492983438e+01
4.473420625046287569e+01
4.418046694064161528e+01
3.655457496492983438e+01
3.823211259283932861e+01
3.466011780980964829e+01
3.799577458470699298e+01
3.570525999077976564e+01
3.207435355689199952e+01
2.705548215145834234e+01
4.147541891311913531e+01
0.000000000000000000e+00
3.466011780980964829e+01
3.466011780980964829e+01
4.729769994888324192e+01
3.207435355689199952e+01
3.064255706128198398e+01
4.007505350994680526e+01
4.130227974742010844e+01
3.311629647868477377e+01
3.349100273525682780e+01
4.092731129226155673e+01
3.115288406545694500e+01
3.311629647868477377e+01
3.311629647868477377e+01
3.280063913331584757e+01
4.473420625046287569e+01
0.000000000000000000e+00
4.224741350470347356e+01
0.000000000000000000e+00
0.000000000000000000e+00
4.661441184421150297e+01
3.823211259283932861e+01
3.222651706071371080e+01
3.624361920461272035e+01
3.883435975847707056e+01
0.000000000000000000e+00
0.000000000000000000e+00
0.000000000000000000e+00
3.349100273525682780e+01
2.915822232846961626e+01
3.307409325594554161e+01
3.462761621209161689e+01
3.728053549065942462e+01
0.000000000000000000e+00
3.793871602757111106e+01
4.147541891311913531e+01
3.349100273525682780e+01
3.799577458470699298e+01
3.207435355689199952e+01
3.115288406545694500e+01
4.130227974742010844e+01
3.650234360102169262e+01
2.705548215145834234e+01
0.000000000000000000e+00
0.000000000000000000e+00
5.737230286474822094e+01
3.400300225272473398e+01
0.000000000000000000e+00
3.655457496492983438e+01
0.000000000000000000e+00
0.000000000000000000e+00
4.101332496622849533e+01
4.007505350994680526e+01
3.400300225272473398e+01
0.000000000000000000e+00
0.000000000000000000e+00
3.799577458470699298e+01
3.222651706071371080e+01
3.311629647868477377e+01
3.349100273525682780e+01
3.823211259283932861e+01
3.645375226237631239e+01
3.400300225272473398e+01
2.705548215145834234e+01
3.638858326544564648e+01
4.350372738145885165e+01
0.000000000000000000e+00
3.705079871340502251e+01
4.658184799801576048e+01
3.699634419620495152e+01
4.087879413183066646e+01
4.400225148655798790e+01
6.206154310228891546e+01
0.000000000000000000e+00
3.638858326544564648e+01
4.109429378399959631e+01
0.000000000000000000e+00
4.279081498624432811e+01
4.577766894901105132e+01
0.000000000000000000e+00
0.000000000000000000e+00
4.920009205618010384e+01
4.500145815826151363e+01
3.638858326544564648e+01
0.000000000000000000e+00
3.638858326544564648e+01
0.000000000000000000e+00
0.000000000000000000e+00
4.577766894901105132e+01
0.000000000000000000e+00
3.638858326544564648e+01
4.251772739660319189e+01
3.398626237223415103e+01
0.000000000000000000e+00
0.000000000000000000e+00
4.920009205618010384e+01
0.000000000000000000e+00
3.398626237223415103e+01
3.764761242461310076e+01
4.096968819522140848e+01
3.764761242461310076e+01
3.764761242461310076e+01
0.000000000000000000e+00
4.328350927093802625e+01
4.087879413183066646e+01
0.000000000000000000e+00
4.812848821593793502e+01
4.353121943271099070e+01
3.705079871340502251e+01
0.000000000000000000e+00
0.000000000000000000e+00
0.000000000000000000e+00
3.337590003402587513e+01
3.845376709581223906e+01
3.638858326544564648e+01
3.845376709581223906e+01
4.920009205618010384e+01
4.328350927093802625e+01
3.699550441328314321e+01
3.638858326544564648e+01
0.000000000000000000e+00
0.000000000000000000e+00
4.328350927093802625e+01
3.699634419620495152e+01
3.939392250967723186e+01
3.641682465452628037e+01
3.764761242461310076e+01
0.000000000000000000e+00
3.845376709581223906e+01
4.500145815826151363e+01
0.000000000000000000e+00
3.638858326544564648e+01
3.337590003402587513e+01
3.939392250967723186e+01
4.920009205618010384e+01
5.585049460717033298e+01
4.577766894901105132e+01
0.000000000000000000e+00
4.184288889243763521e+01
0.000000000000000000e+00
3.974633788674172763e+01
0.000000000000000000e+00
3.536447512825687056e+01
0.000000000000000000e+00
3.699550441328314321e+01
4.549803536276235150e+01
4.164937765320271978e+01
4.577766894901105132e+01
3.515954844487210096e+01
3.699634419620495152e+01
3.699550441328314321e+01
4.109429378399959631e+01
3.918283646817784671e+01
3.699634419620495152e+01
0.000000000000000000e+00
3.337590003402587513e+01
4.353121943271099070e+01
4.577766894901105132e+01
4.500145815826151363e+01
3.337590003402587513e+01
4.164937765320271978e+01
0.000000000000000000e+00
0.000000000000000000e+00
0.000000000000000000e+00
3.998661294816560030e+01
3.939844072147533183e+01
4.006544414155554534e+01
4.027693191564846131e+01
0.000000000000000000e+00
0.000000000000000000e+00
4.027531388034964266e+01
5.021991241441331510e+01
3.457063152297818220e+01
3.678425785229462264e+01
3.496561448528393612e+01
5.195702361604683972e+01
0.000000000000000000e+00
0.000000000000000000e+00
3.974067954218954668e+01
5.967525595837390995e+01
3.939844072147533183e+01
0.000000000000000000e+00
3.661596233363899699e+01
3.678425785229462264e+01
5.129225587906656614e+01
3.457063152297818220e+01
4.473420625046287569e+01
3.484024545024787756e+01
4.204762634347401473e+01
4.227045264916717571e+01
3.484024545024787756e+01
5.295144599515236905e+01
4.426588632573389503e+01
3.496561448528393612e+01
3.496561448528393612e+01
3.496561448528393612e+01
3.496561448528393612e+01
0.000000000000000000e+00
0.000000000000000000e+00
3.862685412703169163e+01
3.496561448528393612e+01
5.021991241441331510e+01
0.000000000000000000e+00
3.496561448528393612e+01
4.204762634347401473e+01
4.290391722459935409e+01
4.426588632573389503e+01
3.457063152297818220e+01
3.496561448528393612e+01
0.000000000000000000e+00
3.594056388383737755e+01
4.172218728711833080e+01
4.779602997243816276e+01
0.000000000000000000e+00
0.000000000000000000e+00
3.457063152297818220e+01
4.290391722459935409e+01
4.243931642570684915e+01
4.656503909286438159e+01
0.000000000000000000e+00
0.000000000000000000e+00
0.000000000000000000e+00
3.939844072147533183e+01
3.496561448528393612e+01
6.104170104758191684e+01
3.646177134681337151e+01
5.129225587906656614e+01
0.000000000000000000e+00
0.000000000000000000e+00
5.967525595837390995e+01
3.496561448528393612e+01
3.225917933956816341e+01
3.607645847975002340e+01
0.000000000000000000e+00
3.496561448528393612e+01
5.967525595837390995e+01
3.457063152297818220e+01
0.000000000000000000e+00
0.000000000000000000e+00
3.722394915947774763e+01
3.484024545024787756e+01
3.594056388383737755e+01
5.001674736361936624e+01
6.054993522444471665e+01
3.722394915947774763e+01
0.000000000000000000e+00
3.965771958367064798e+01
4.249370177063986631e+01
3.457063152297818220e+01
4.204762634347401473e+01
4.204762634347401473e+01
4.650469793078251968e+01
0.000000000000000000e+00
4.986917637961415295e+01
0.000000000000000000e+00
3.939844072147533183e+01
5.967525595837390995e+01
6.018658516229461242e+01
4.117641913389160635e+01
0.000000000000000000e+00
0.000000000000000000e+00
3.485930179078919622e+01
4.227045264916717571e+01
3.106316366523692452e+01
4.784666152362219549e+01
3.573914167035596989e+01
4.539838091693434308e+01
0.000000000000000000e+00
3.702751978862666249e+01
0.000000000000000000e+00
0.000000000000000000e+00
4.608967603076808217e+01
3.752071129847940512e+01
3.597851386211967650e+01
0.000000000000000000e+00
0.000000000000000000e+00
2.990263805538423014e+01
3.419490462668368025e+01
0.000000000000000000e+00
4.020888585876334531e+01
0.000000000000000000e+00
3.106316366523692452e+01
3.850957370226826981e+01
3.559180249351807390e+01
2.990263805538423014e+01
3.678373194587118888e+01
0.000000000000000000e+00
0.000000000000000000e+00
5.002380554908589971e+01
2.983784403492559534e+01
0.000000000000000000e+00
4.282375616479290414e+01
3.532802540191728013e+01
3.948700023703336370e+01
2.909208948941195061e+01
3.865057853769571494e+01
0.000000000000000000e+00
0.000000000000000000e+00
3.457181735737092509e+01
2.909208948941195061e+01
0.000000000000000000e+00
3.699284337687317503e+01
4.729515719841503341e+01
2.909208948941195061e+01
3.106316366523692452e+01
2.983784403492559534e+01
3.318217996227497935e+01
4.371808268541930431e+01
2.851438794647241082e+01
2.934145728637571082e+01
3.764628610547302401e+01
5.073196727260936001e+01
2.912479483676276004e+01
3.295304852957765718e+01
2.990263805538423014e+01
2.912479483676276004e+01
0.000000000000000000e+00
7.026269484731959380e+01
3.699284337687317503e+01
4.949212019384465577e+01
0.000000000000000000e+00
0.000000000000000000e+00
0.000000000000000000e+00
0.000000000000000000e+00
0.000000000000000000e+00
3.845500631464798857e+01
0.000000000000000000e+00
3.129370037094331636e+01
0.000000000000000000e+00
0.000000000000000000e+00
3.318217996227497935e+01
0.000000000000000000e+00
4.048438348323963965e+01
3.605273663427482234e+01
0.000000000000000000e+00
3.691566535427053708e+01
0.000000000000000000e+00
0.000000000000000000e+00
2.912479483676276004e+01
0.000000000000000000e+00
3.322870495554693093e+01
0.000000000000000000e+00
3.199068290614201260e+01
3.428005099824842006e+01
5.002380554908589971e+01
0.000000000000000000e+00
3.752071129847940512e+01
0.000000000000000000e+00
3.532802540191728013e+01
3.457181735737092509e+01
3.605273663427482234e+01
3.106316366523692452e+01
2.909136506750573758e+01
0.000000000000000000e+00
4.652096167790443104e+01
0.000000000000000000e+00
0.000000000000000000e+00
6.040256500870344780e+01
3.845500631464798857e+01
4.329995578877845475e+01
3.419490462668368025e+01
2.909208948941195061e+01
4.995069053976262552e+01
3.902869411325855253e+01
5.436124985780472940e+01
0.000000000000000000e+00
0.000000000000000000e+00
4.227324925889674034e+01
3.933313754469534729e+01
0.000000000000000000e+00
0.000000000000000000e+00
0.000000000000000000e+00
4.074759362060112267e+01
4.227324925889674034e+01
5.271785727877470862e+01
5.125871609689607311e+01
5.125871609689607311e+01
5.428030309058571845e+01
4.176410064398607602e+01
6.273682735985145342e+01
5.788181843016914740e+01
0.000000000000000000e+00
4.227324925889674034e+01
0.000000000000000000e+00
4.631488566275961460e+01
4.649343643810780691e+01
5.271785727877470862e+01
3.630925629010562261e+01
3.831840905957847809e+01
5.271785727877470862e+01
4.227324925889674034e+01
5.193795043745840445e+01
0.000000000000000000e+00
0.000000000000000000e+00
0.000000000000000000e+00
4.987863060903111290e+01
3.875278781539287820e+01
4.418855778538605961e+01
3.902869411325855253e+01
5.576103547617949374e+01
0.000000000000000000e+00
0.000000000000000000e+00
0.000000000000000000e+00
3.898537398177499114e+01
0.000000000000000000e+00
0.000000000000000000e+00
0.000000000000000000e+00
4.361243275268392949e+01
0.000000000000000000e+00
4.074759362060112267e+01
0.000000000000000000e+00
4.074759362060112267e+01
4.176410064398607602e+01
5.074392962646165017e+01
4.011509558247809792e+01
4.100280101486930562e+01
4.408205850837786244e+01
4.631488566275961460e+01
6.318817601572087739e+01
0.000000000000000000e+00
0.000000000000000000e+00
4.361243275268392949e+01
4.803599813784955330e+01
4.632788487408404166e+01
0.000000000000000000e+00
4.011586576006636307e+01
5.271785727877470862e+01
0.000000000000000000e+00
4.617064436076258005e+01
5.271785727877470862e+01
4.688400572016892909e+01
0.000000000000000000e+00
4.011509558247809792e+01
4.966386113553897275e+01
0.000000000000000000e+00
0.000000000000000000e+00
0.000000000000000000e+00
3.831840905957847809e+01
0.000000000000000000e+00
0.000000000000000000e+00
0.000000000000000000e+00
0.000000000000000000e+00
4.227324925889674034e+01
0.000000000000000000e+00
5.053627620598568626e+01
4.074759362060112267e+01
4.097199117836220950e+01
4.642062683012132140e+01
4.995069053976262552e+01
0.000000000000000000e+00
4.632788487408404166e+01
3.630925629010562261e+01
0.000000000000000000e+00
0.000000000000000000e+00
5.053627620598568626e+01
4.966386113553897275e+01
0.000000000000000000e+00
0.000000000000000000e+00
4.254703895767743660e+01
4.649343643810780691e+01
4.422141535990002836e+01
0.000000000000000000e+00
6.266917724651792554e+01
4.102702917807542349e+01
0.000000000000000000e+00
0.000000000000000000e+00
5.229014729881144774e+01
6.266775912277678628e+01
3.615318553068748031e+01
3.718143616461471623e+01
0.000000000000000000e+00
0.000000000000000000e+00
4.471595487272194447e+01
0.000000000000000000e+00
0.000000000000000000e+00
0.000000000000000000e+00
3.756188586535743923e+01
4.439899123330955888e+01
4.719511603060406202e+01
0.000000000000000000e+00
3.725775148117214286e+01
4.283984247201500750e+01
3.635792945168206103e+01
0.000000000000000000e+00
3.608993683953970333e+01
0.000000000000000000e+00
3.722787729054569184e+01
3.552276539127885258e+01
3.635792945168206103e+01
4.439899123330955888e+01
4.320721924577336637e+01
3.803955522570643666e+01
0.000000000000000000e+00
3.913011049219586113e+01
0.000000000000000000e+00
0.000000000000000000e+00
4.667053841291504312e+01
3.635792945168206103e+01
0.000000000000000000e+00
3.801538722267338954e+01
0.000000000000000000e+00
0.000000000000000000e+00
0.000000000000000000e+00
0.000000000000000000e+00
4.209524547236559044e+01
3.552276539127885258e+01
0.000000000000000000e+00
3.615318553068748031e+01
0.000000000000000000e+00
0.000000000000000000e+00
6.104170104758191684e+01
3.885856728579860686e+01
4.102702917807542349e+01
0.000000000000000000e+00
3.635792945168206103e+01
5.229014729881144774e+01
4.341773156170776105e+01
3.885856728579860686e+01
4.262720027516775900e+01
4.969192118691888993e+01
0.000000000000000000e+00
0.000000000000000000e+00
0.000000000000000000e+00
0.000000000000000000e+00
4.712331003160799980e+01
0.000000000000000000e+00
0.000000000000000000e+00
5.001674736361936624e+01
0.000000000000000000e+00
4.858341951455288665e+01
5.111594217363312964e+01
0.000000000000000000e+00
3.447037566757944660e+01
0.000000000000000000e+00
4.652649623358771436e+01
4.512447013973984866e+01
0.000000000000000000e+00
5.229014729881144774e+01
3.801538722267338954e+01
0.000000000000000000e+00
3.598184440775162329e+01
3.608993683953970333e+01
0.000000000000000000e+00
4.251151389370036071e+01
4.719511603060406202e+01
3.890951901878496244e+01
4.694970553324002083e+01
4.349663266999397848e+01
3.439241182355083737e+01
0.000000000000000000e+00
0.000000000000000000e+00
4.719511603060406202e+01
3.715506937001662635e+01
3.622755348432918510e+01
3.277394333460529907e+01
4.631560748149389184e+01
0.000000000000000000e+00
0.000000000000000000e+00
3.473907362604933269e+01
0.000000000000000000e+00
6.535368294469931527e+01
5.462960753182358786e+01
4.269012806325278575e+01
0.000000000000000000e+00
0.000000000000000000e+00
5.462960753182358786e+01
4.931451997416773025e+01
5.140685900997220159e+01
4.355693334918674253e+01
0.000000000000000000e+00
0.000000000000000000e+00
5.043355977774803023e+01
4.729485871478510717e+01
0.000000000000000000e+00
5.546746115372589969e+01
3.401819395004856261e+01
0.000000000000000000e+00
0.000000000000000000e+00
4.729485871478510717e+01
0.000000000000000000e+00
0.000000000000000000e+00
0.000000000000000000e+00
4.729485871478510717e+01
0.000000000000000000e+00
4.230444084602284960e+01
4.269012806325278575e+01
0.000000000000000000e+00
4.087097460608075039e+01
0.000000000000000000e+00
5.371174588098823222e+01
4.252183660607561677e+01
4.233290249882716694e+01
0.000000000000000000e+00
4.282033709150071843e+01
5.462960753182358786e+01
3.146309358074626772e+01
4.252183660607561677e+01
0.000000000000000000e+00
5.546746115372589969e+01
5.377159205246478990e+01
0.000000000000000000e+00
5.548139217291789294e+01
6.535368294469931527e+01
6.535368294469931527e+01
3.811133503064495187e+01
4.313038914769396825e+01
0.000000000000000000e+00
0.000000000000000000e+00
4.282033709150071843e+01
3.914117622026812171e+01
4.829025977517304113e+01
4.729485871478510717e+01
0.000000000000000000e+00
5.241074170941945454e+01
4.573900395981446110e+01
0.000000000000000000e+00
0.000000000000000000e+00
0.000000000000000000e+00
5.108958408860959111e+01
4.252183660607561677e+01
4.829025977517304113e+01
5.019308065483249237e+01
0.000000000000000000e+00
4.252183660607561677e+01
6.535368294469931527e+01
5.140685900997220159e+01
4.586765918821691912e+01
0.000000000000000000e+00
4.586765918821691912e+01
5.108958408860959111e+01
4.729485871478510717e+01
5.371174588098823222e+01
4.673216176172822856e+01
4.252183660607561677e+01
4.607514605590593959e+01
5.371174588098823222e+01
0.000000000000000000e+00
0.000000000000000000e+00
0.000000000000000000e+00
4.181620233222211880e+01
4.310136733686675115e+01
5.016065708018386715e+01
4.269012806325278575e+01
0.000000000000000000e+00
3.455711758708105918e+01
4.233290249882716694e+01
0.000000000000000000e+00
4.252183660607561677e+01
0.000000000000000000e+00
5.140685900997220159e+01
3.534026811245793454e+01
4.729485871478510717e+01
3.084567407349347334e+01
0.000000000000000000e+00
0.000000000000000000e+00
4.376655847834886259e+01
0.000000000000000000e+00
3.664588184589053554e+01
4.216981382506791931e+01
4.216981382506791931e+01
0.000000000000000000e+00
3.955690231413887403e+01
0.000000000000000000e+00
0.000000000000000000e+00
4.702579492275788198e+01
3.664588184589053554e+01
3.070351395867809430e+01
0.000000000000000000e+00
0.000000000000000000e+00
5.288933256740371291e+01
5.288933256740371291e+01
0.000000000000000000e+00
3.810527745766412266e+01
0.000000000000000000e+00
5.272470020502161958e+01
0.000000000000000000e+00
0.000000000000000000e+00
4.326605770080200131e+01
0.000000000000000000e+00
0.000000000000000000e+00
3.305407707508899051e+01
0.000000000000000000e+00
3.664588184589053554e+01
4.541501047420337045e+01
4.541501047420337045e+01
4.665874015715574075e+01
0.000000000000000000e+00
4.281595164969501610e+01
0.000000000000000000e+00
0.000000000000000000e+00
4.702579492275788198e+01
0.000000000000000000e+00
0.000000000000000000e+00
3.479594155917861542e+01
5.153371914925920549e+01
0.000000000000000000e+00
3.439614700464996844e+01
0.000000000000000000e+00
0.000000000000000000e+00
3.497223751222801269e+01
0.000000000000000000e+00
4.388692954780879063e+01
0.000000000000000000e+00
0.000000000000000000e+00
3.479594155917861542e+01
3.499943505885655526e+01
3.479594155917861542e+01
0.000000000000000000e+00
0.000000000000000000e+00
3.207374555743349731e+01
3.332963991191909514e+01
3.305407707508899051e+01
4.063723788670677806e+01
4.326605770080200131e+01
0.000000000000000000e+00
0.000000000000000000e+00
3.434854702045615937e+01
3.608464635188400393e+01
5.153371914925920549e+01
3.207374555743349731e+01
0.000000000000000000e+00
3.499943505885655526e+01
0.000000000000000000e+00
4.665874015715574075e+01
0.000000000000000000e+00
0.000000000000000000e+00
4.473268793356081829e+01
5.272470020502161958e+01
0.000000000000000000e+00
5.153371914925920549e+01
0.000000000000000000e+00
3.479594155917861542e+01
0.000000000000000000e+00
3.084567407349347334e+01
4.665874015715574075e+01
4.541501047420337045e+01
4.326605770080200131e+01
0.000000000000000000e+00
4.063723788670677806e+01
0.000000000000000000e+00
3.479594155917861542e+01
4.665874015715574075e+01
3.716058365336372304e+01
4.498473671435044707e+01
4.216981382506791931e+01
0.000000000000000000e+00
0.000000000000000000e+00
4.216981382506791931e+01
0.000000000000000000e+00
0.000000000000000000e+00
4.665874015715574075e+01
5.076563518133226438e+01
